77
-84.0167007 94.1595993 -654.7283936
-85.5631866 65.8306656 -654.7283936
-83.4524231 37.3873215 -654.7283936
-75.2741623 7.5858245 -654.7283936
-63.6298141 -20.0295525 -654.7283936
-49.7574463 -43.1427612 -654.7283936
-28.8947906 -60.0384216 -654.7283936
-3.9411502 -68.3146133 -654.7283936
20.5761127 -60.1749763 -654.7283936
40.1548996 -44.4975281 -654.7283936
56.7395859 -23.3016357 -654.7283936
67.8400421 0.9493698 -654.7283936
74.7711411 29.3559093 -654.7283936
77.4567413 59.1282921 -654.7283936
77.2494354 89.2296906 -654.7283936
57.5513382 80.5436935 -581.9960327
46.8994598 86.7811737 -572.4645386
29.1669674 83.2964935 -563.3406372
17.4009590 76.5640564 -560.5411987
31.3311691 79.1702118 -564.1811523
45.6272087 79.9945068 -570.1578979
-57.9051895 79.686554 -575.0963135
-46.5462418 85.1938400 -568.5379028
-30.1573811 84.2216873 -562.1055908
-19.5381851 75.5626678 -560.7227173
-30.1925602 77.9450836 -562.6240234
-46.4944687 79.7446442 -567.8250122
-50.5018272 57.1189270 -576.8165894
-32.6387062 59.4545479 -568.1164551
-19.9208603 52.2501984 -571.3409424
-34.9437943 48.9861374 -570.7262573
47.2259598 54.8527451 -576.7396240
32.6066475 57.2646294 -568.1686401
16.6124802 51.0331421 -570.1192017
32.6964149 47.7789230 -569.8655396
-11.2482338 49.7655945 -567.5745239
-14.4061756 28.2545280 -564.6906738
-21.9927158 10.2477007 -568.0788574
-16.5150681 3.7986929 -563.2147827
-0.6168902 0.5970571 -556.5787964
14.4830151 2.7426901 -572.588501
18.8494930 8.1471491 -573.9497070
11.1378441 28.2999058 -566.1019897
9.0869732 49.9162369 -569.5281982
-9.9699783 6.8436246 -552.3388672
-0.8013387 0.3772507 0.0097656
-24.5227432 -18.9201393 -576.8737793
-17.8372707 -15.512743 -571.2819824
-9.1759281 -14.346571 -567.4956665
-0.6305559 -15.4054852 -566.8465576
9.0236549 -14.4195452 -569.5234985
16.6570625 -15.6174183 -573.7915039
24.4665699 -16.8744164 -579.4022217
17.9827557 -24.5983887 -581.6213989
11.2830009 -28.6774349 -575.7573242
0.4341297 -30.6017857 -571.4879150
-10.3528061 -29.5973167 -573.0715332
-18.0325012 -25.4723682 -577.5007324
-12.4948177 -23.1035671 -572.6861572
0.4375434 -24.1261787 -571.0618286
12.3510456 -22.1293507 -574.6607056
11.1960392 -17.6845398 -570.9772949
-0.6346388 -19.6987953 -567.4903564
-13.5069408 -18.6961498 -569.8926392
-0.6076706 11.9789839 -549.7524414
-42.475853 58.6932564 -571.0425415
-43.7169418 51.3568153 -573.1412964
-26.3981476 49.0713882 -571.8181763
-25.2314625 56.4109840 -569.8624268
24.0377579 56.1781311 -567.9390869
25.1856976 47.7858391 -569.8692627
41.5218620 50.1985283 -573.1088257
41.4192963 56.5289078 -571.6393433
-31.7159767 54.3545303 -570.7239990
32.7315331 52.1166534 -570.3712769
79.5934906 64.5927505 -648.8654175
-92.899498 74.8456573 -649.8378296
