77
-96.7429352 86.2980804 -843.2231445
-96.4364929 58.1906891 -843.2231445
-92.7392044 25.9569321 -843.2231445
-88.4736786 -3.9294977 -843.2231445
-78.6603851 -34.729847 -843.2231445
-59.6435585 -61.2093811 -843.2231445
-33.2234764 -75.925499 -843.2231445
-5.7679458 -82.7613449 -843.2231445
21.8587971 -70.8886185 -843.2231445
47.6076584 -54.4731598 -843.2231445
62.9225464 -29.4517612 -843.2231445
70.5205307 2.2422621 -843.2231445
72.9116592 31.1483574 -843.2231445
73.4417114 62.9523964 -843.2231445
70.9636307 94.5570374 -843.2231445
44.2378769 83.6453094 -762.9214478
33.9387932 95.7469177 -756.0362549
13.7518482 95.3686066 -741.6430054
2.5217152 86.7317352 -739.1962891
15.1037006 88.2800293 -740.9558716
32.2137756 86.4470215 -749.7509155
-72.1977234 82.6934204 -762.0477905
-62.9889641 93.3499756 -755.7874756
-40.8648338 92.991684 -742.7940674
-29.6128387 85.707016 -740.939209
-42.3353729 84.6521149 -743.3049316
-59.7437134 84.1640167 -750.4406128
-63.0677757 60.4906883 -754.9046021
-46.9811859 69.8045349 -749.0021362
-31.5612602 61.3872719 -750.5982056
-47.3328896 57.4498444 -753.4736938
37.9670868 64.1935425 -754.2064819
22.0629482 70.3193207 -743.4136353
6.6295977 60.9829063 -748.0737305
22.1156139 59.4262161 -747.2807007
-22.9789619 59.6862373 -747.6851196
-27.05509 35.3790665 -740.7278442
-33.7788849 15.6802311 -733.425293
-29.6099186 5.9605455 -731.8281860
-10.2407970 4.4447861 -727.6930542
7.6845689 7.2312756 -737.3773193
13.367898 17.0640564 -742.2033691
2.2833695 38.1986885 -743.8494873
-4.6579928 59.6435776 -748.2529297
-20.9601746 9.8571882 -720.5317383
0.7681569 11.2287178 -726.7158813
-35.4692917 -21.698967 -735.9238281
-26.8442726 -14.6946878 -729.0031738
-19.8974724 -10.5909023 -727.1320801
-10.2880392 -11.9892406 -725.7142944
0.6498295 -12.0814667 -728.6758423
10.3027420 -14.9475994 -733.2653809
20.0915527 -20.6637154 -739.1139526
13.0788355 -27.5590687 -738.0905762
4.6903391 -31.4705563 -732.4546509
-6.3238659 -32.6642075 -729.1719971
-18.7133331 -32.6293716 -729.8894043
-28.4984970 -28.6096039 -734.2853394
-21.3777809 -22.9581642 -728.7034912
-7.6461735 -24.3837204 -728.2596436
6.1204267 -21.8260689 -732.8085327
4.7511444 -17.6326427 -730.5752563
-8.9703493 -20.2120609 -726.1334839
-21.2928486 -18.7924862 -726.6854248
-11.4082747 23.4346638 -721.711731
-55.530159 67.0996857 -749.8470459
-55.8818932 57.5246620 -753.864563
-38.7710724 57.3502083 -752.7717285
-38.5510521 66.9829254 -749.5132446
13.6507549 67.6201477 -744.0667114
15.0596209 59.4098396 -746.6732178
30.6837921 59.6364975 -750.3168945
30.6397839 67.917038 -748.079834
-47.1432152 62.9140739 -750.9797363
17.8634624 64.8579712 -744.7758789
81.9819031 76.3423767 -841.4295654
-106.9814301 61.9193115 -863.0772095
