77
-113.9378128 104.7024155 -702.5831299
-113.9367676 76.5137329 -702.5831299
-109.8942337 47.0251503 -702.5831299
-104.3279953 19.8098125 -702.5831299
-92.1902084 -6.1268764 -702.5831299
-76.7641296 -31.5707054 -702.5831299
-52.7803574 -47.1033173 -702.5831299
-26.188612 -55.3820457 -702.5831299
-0.9084099 -45.4181442 -702.5831299
21.7320004 -27.3648319 -702.5831299
35.5748863 -1.6442288 -702.5831299
44.0822411 23.3130493 -702.5831299
50.887455 54.0086288 -702.5831299
49.9071236 83.8395767 -702.5831299
46.7693672 112.3197784 -702.5831299
23.7309895 99.6135178 -626.359375
10.5562878 106.8474121 -614.0119019
-5.4957752 101.5148544 -603.3146362
-17.9932556 88.0060959 -604.3374634
-4.3309298 94.5471725 -602.3694458
10.5610361 99.7819443 -613.2641602
-91.7722855 87.5014267 -625.7824707
-78.2760925 94.8738251 -612.5492554
-61.0249367 93.2509537 -602.0422363
-48.7099991 81.1166306 -604.3626709
-61.1809921 84.4223480 -603.7791138
-76.8087234 87.6130371 -610.2353516
-83.6378937 71.1531296 -626.9957275
-66.9464798 81.3483963 -614.7635498
-53.5124741 72.7681732 -620.2541504
-67.4286423 70.2992706 -619.3617554
16.679081 80.6120605 -625.4913330
0.2112625 84.5907135 -612.1616821
-12.5589857 74.8040771 -617.1402588
1.3901985 73.5280075 -615.9580688
-44.834034 69.0830383 -598.8158569
-46.2456627 52.3840942 -588.9600830
-55.6892662 39.1668930 -607.1247559
-53.5478172 31.2649803 -608.9515381
-33.2861519 23.8835697 -596.1861572
-14.5382957 32.4534798 -608.1104126
-13.4119205 40.4707146 -608.0781860
-22.2712116 52.2913551 -599.6941528
-24.9403610 70.2221756 -608.1027832
-46.8760338 32.9007187 -597.3311157
-23.4209003 33.1843224 -601.3322144
-60.0876884 3.8111563 -617.7473755
-50.9184952 8.2878551 -605.7993774
-40.2480812 9.3456507 -599.9726562
-31.1653137 7.0954657 -599.2272949
-19.9574528 9.4150696 -601.166626
-9.9153595 8.4350052 -608.9023437
0.392607 5.1071897 -616.9549561
-7.6811857 -1.8787813 -614.3698120
-17.829567 -6.4651384 -606.6334229
-29.0939827 -8.7444801 -603.6572876
-39.3460350 -7.6369791 -603.9627686
-50.1513634 -3.1295063 -610.5393066
-45.2285805 0.3163097 -606.2515259
-29.0274067 -3.0565109 -602.0757446
-13.3548069 -0.740105 -609.9334717
-16.6874752 4.9464631 -605.6845703
-31.2105255 4.8491554 -600.1845093
-45.0920868 3.7232161 -604.3649292
-34.667038 37.5020943 -581.7451172
-74.0557709 79.1935883 -616.1312256
-75.9283981 69.4243622 -622.0657349
-59.2843475 70.3435593 -619.6074829
-60.1718903 79.2836914 -616.5813599
-7.8827238 81.4037552 -614.3056641
-5.563571 72.3017273 -615.5357666
9.5499496 75.1509018 -619.5739746
8.3081341 83.8216248 -614.8173218
-66.2112045 74.8991776 -618.8010864
1.3746643 79.2107391 -615.0877686
52.9081688 90.4299011 -684.7390747
-125.6595459 79.1293869 -708.9857178
