77
-69.653793 21.083389 -829.845825
-70.114944 -1.946472 -829.845825
-67.326561 -25.163666 -829.845947
-59.624985 -48.588287 -829.845825
-50.206940 -70.502930 -829.845825
-37.447769 -92.588898 -829.845947
-21.272629 -111.442810 -829.845825
1.687454 -120.219879 -829.845825
26.426895 -117.086731 -829.845825
46.252014 -100.305573 -829.845825
59.434967 -78.468811 -829.845825
67.639771 -53.360901 -829.845825
75.786972 -28.429199 -829.845825
79.012512 -1.967087 -829.845947
78.986694 22.696381 -829.845825
54.167953 46.212204 -733.388672
42.158127 54.584763 -725.101440
23.340347 52.720764 -718.142273
14.823090 44.017578 -719.651794
24.870483 45.011093 -722.296509
42.203476 45.757034 -726.350342
-52.888245 42.562531 -737.008911
-43.659821 50.834900 -728.289795
-24.845840 50.219742 -719.594788
-15.029388 42.666534 -721.555237
-26.414398 44.141861 -722.300171
-42.310730 43.664948 -727.436035
-45.882103 29.179260 -737.338135
-31.041916 34.504700 -729.637329
-18.168320 29.752289 -731.185791
-31.265060 26.650162 -733.333191
47.060226 29.847427 -735.693909
32.267609 35.327225 -729.114624
20.768951 29.417633 -730.478088
33.837326 27.508331 -732.528320
-9.491455 30.296219 -726.721497
-11.125732 9.967773 -717.365906
-18.533447 -10.664719 -719.069336
-14.295273 -17.362610 -715.767639
1.333282 -15.996841 -708.249329
17.002319 -17.011505 -712.343384
21.290176 -8.161011 -711.408875
11.581436 11.794891 -713.627930
10.557678 30.370132 -724.642639
-8.509781 -11.288910 -706.954712
9.788788 -11.120819 -705.084412
-20.427505 -44.726807 -720.060425
-13.077011 -36.918533 -711.511414
-5.924759 -33.133026 -707.362915
1.124786 -34.232224 -705.464111
9.626297 -33.000488 -706.010315
18.236496 -37.123840 -710.879883
25.661606 -45.142700 -719.637695
19.769485 -51.857178 -717.081238
12.489120 -53.963730 -714.001038
2.450775 -55.377625 -714.202393
-7.567184 -54.173721 -715.735168
-14.724213 -50.434250 -718.886780
-8.895737 -44.856277 -713.878723
2.496704 -45.675003 -710.648621
13.952759 -46.369995 -712.994873
12.489899 -39.670303 -709.538147
1.100296 -39.054306 -707.452454
-8.836044 -39.795395 -711.092773
0.000000 0.000000 -700.000000
-38.345558 32.827576 -731.763306
-38.573502 26.466965 -735.134094
-25.463470 26.658752 -732.833130
-23.882431 32.857040 -730.395508
25.093643 33.857773 -729.766968
26.585083 27.676682 -731.929138
41.140076 27.238220 -733.822998
40.997391 34.987518 -730.887085
-31.177559 29.793060 -731.916870
32.354462 30.617355 -731.427002
88.397400 25.469269 -811.551025
-78.063667 21.969162 -822.776611
