77
-98.1088028 110.7407227 -778.2914429
-102.0391235 80.3319244 -778.2914429
-102.5101929 48.6246681 -778.2914429
-97.6046600 17.7990189 -778.2914429
-88.67099 -13.242631 -778.2914429
-69.4408112 -37.2598572 -778.2914429
-45.3354149 -53.8415298 -778.2914429
-17.2585239 -62.8055763 -778.2914429
10.5410376 -57.8778954 -778.2914429
36.4675255 -44.1998634 -778.2914429
56.3869972 -22.006712 -778.2914429
69.6862946 4.5055823 -778.2914429
76.4929962 36.9976616 -778.2914429
77.9819717 71.1792908 -778.2914429
77.4817810 104.6585541 -778.2914429
44.1782494 94.2850418 -700.4224854
34.7790871 105.6471939 -697.0689697
14.8652992 107.9397049 -686.6117554
0.6428280 100.8208542 -682.1738281
14.8366671 101.2803726 -685.2932129
33.2053909 98.3181610 -691.6742554
-74.9761658 101.5159607 -704.8474731
-62.3204384 110.8639603 -696.8762207
-40.6590691 110.3626556 -685.6134644
-28.9123631 100.8752975 -682.5316162
-43.2693672 102.6806030 -686.0204468
-61.9773598 103.7314529 -693.0442505
-66.1966400 81.9292374 -696.2547607
-50.0047226 92.8655167 -689.8656006
-34.4801064 81.3205948 -691.0853271
-51.3623734 77.3688507 -690.6658325
39.9137917 79.1766968 -695.1181641
23.9441624 88.6549454 -687.4384766
8.4436817 78.5999908 -690.0504761
24.0123978 74.6297989 -689.3803711
-25.1812267 79.41465 -685.8804932
-29.9995384 55.5285530 -678.0230103
-38.9434128 36.3906822 -678.1769409
-33.5493126 29.7512722 -672.4464111
-15.5709705 29.2720394 -661.6376343
1.9068465 29.8522129 -674.7038574
7.0589838 37.8660126 -681.7866821
-1.9177032 55.6740456 -679.8208618
-3.2401931 77.1420441 -688.6559448
-25.5065269 32.9715538 -660.8510132
-4.3874302 34.4781952 -665.9381104
-45.1719360 1.9091449 -675.8573608
-35.9297562 8.1952047 -669.6150513
-25.7275047 14.4319735 -666.5906982
-15.6375847 11.8850927 -664.4723511
-4.3980026 13.1967878 -667.5891113
6.9578395 6.9604306 -672.0328979
13.3507748 -1.9074825 -675.2938843
6.9739575 -6.9764113 -673.5982666
-1.8843203 -9.4191074 -667.1311035
-14.3219757 -10.5866098 -661.5451660
-25.5763073 -8.1097441 -662.671814
-35.9200439 -4.4125199 -669.4206543
-29.5292988 -0.628868 -667.3900146
-13.1234741 -1.8755764 -663.8139038
0.6303147 -3.1505315 -669.4237671
-0.6273096 4.3977618 -667.5455933
-15.6047010 6.8657246 -663.1377563
-29.4938412 5.647738 -666.6381226
-15.5216274 45.3220825 -659.5170898
-59.2249947 90.4645004 -691.3842773
-59.3740883 80.2523193 -693.0992432
-42.3347969 78.8053436 -691.8629150
-40.9178238 88.9827118 -689.9887695
14.8907909 86.1092606 -687.7572021
14.9132309 74.5654449 -688.7930908
33.2727661 76.3289185 -693.0325317
33.1369095 86.416153 -690.2292480
-50.0748024 85.1923828 -690.8365479
20.0873604 82.2918777 -688.3362427
84.4260101 51.6895332 -776.1035767
-117.1701355 62.6021729 -786.6220703
