-31.483477 -3.422857 88.680041
28.588169 -2.145136 90.291368
0.000000 0.000000 0.000000
85.441868 -23.304657 28.396283
0.289248 -43.176764 112.403292
31
-22.091836 80.343040 81.990266
-1.353817 -16.498316 108.827942
0.289248 -43.176764 112.403292
-31.483477 -3.422857 88.680041
28.588169 -2.145136 90.291368
26.545425 -40.762001 98.894083
7.482310 -75.479692 109.177480
43.632249 111.264665 47.435933
51.441073 59.971292 72.136054
-17.312325 -76.788364 102.049089
7.701879 -91.555408 104.052792
64.548239 89.252782 43.302601
62.824710 57.665211 58.971455
1.062562 -117.457912 73.611471
-66.742791 2.173969 -69.825154
87.962255 62.344748 10.919824
85.775081 42.998813 26.190740
88.483009 81.706299 -6.375460
90.291944 40.124321 12.736500
85.441868 -23.304657 28.396283
-41.899016 -115.558093 35.085787
83.492906 -38.597790 -40.354764
-93.283570 -39.235302 -18.112714
72.207707 -96.101008 15.886707
54.772242 -149.207959 14.571037
96.486514 32.119677 -29.964836
63.172453 -67.897656 -47.887013
52.010597 -118.408348 -27.962360
52.348191 64.289632 -103.796826
-73.610352 4.557830 -95.915918
63.516174 -132.600634 -38.142890
1 0
1 0
1 0
1 0
1 0
1 0
1 0
1 0
1 0
1 0
1 0
1 0
1 0
1 0
1 0
1 0
1 0
1 0
1 0
1 0
1 0
1 0
1 0
1 0
1 0
1 0
1 0
1 0
1 0
1 0
1 0
1 0
1 0
1 0
1 0
1 0
1 0
1 0
1 0
1 0
1 0
1 0
1 0
1 0
1 0
1 0
1 0
1 0
1 0
1 0
1 0
1 0
1 0
1 0
1 0
1 0
1 0
1 0
1 0
1 0
1 0
1 0
1 0
1 0
1 0
1 0
1 0
1 0
1 0
1 0
1 0
1 0
1 0
1 0
1 0
1 0
1 0
1 0
1 0
1 0
1 0
1 0
1 0
1 0
1 0
1 0
1 0
1 0
1 0
1 0
1 0
1 0
1 0
1 0
1 0
1 0
1 0
1 0
1 0
1 0
1 0
1 0
1 0
1 0
1 0
1 0
1 0
1 0
1 0
1 0
1 0
1 0
1 0
1 0
1 0
1 0
1 0
1 0
1 0
1 0
1 0
1 0
1 0
1 0
1 0
1 0
1 0
1 0
1 0
1 0
1 0
1 0
1 0
1 0
1 0
1 0
1 0
1 0
1 0
1 0
1 0
1 0
1 0
1 0
1 0
1 0
1 0
1 0
1 0
1 0
1 0
1 0
1 0
1 0
1 0
1 0
1 0
1 0
1 0
1 0
1 0
1 0
1 0
1 0
1 0
1 0
1 0
1 0
1 0
1 0
1 0
1 0
1 0
1 0
1 0
1 0
1 0
1 0
1 0
1 0
1 0
1 0
1 0
1 0
1 0
1 0
1 0
1 0
1 0
1 0
1 0
1 0
1 0
1 0
1 0
1 0
1 0
1 0
1 0
1 0
1 0
1 0
1 0
1 0
1 0
1 0
1 0
1 0
1 0
1 0
1 0
1 0
1 0
1 0
1 0
1 0
1 0
1 0
1 0
1 0
1 0
1 0
1 0
1 0
1 0
1 0
1 0
1 0
1 0
1 0
1 0
1 0
1 0
1 0
1 0
1 0
1 0
1 0
1 0
1 0
1 0
1 0
1 0
1 0
1 0
1 0
1 0
1 0
1 0
1 0
1 0
1 0
1 0
1 0
1 0
1 0
1 0
1 0
1 0
1 0
1 0
1 0
1 0
1 0
1 0
1 0
1 0
1 0
1 0
1 0
1 0
1 0
1 0
1 0
1 0
1 0
1 0
1 0
1 0
1 0
1 0
1 0
1 0
1 0
1 0
1 0
1 0
1 0
1 0
1 0
1 0
1 0
1 0
1 0
1 0
1 0
1 0
1 0
1 0
1 0
1 0
1 0
1 0
1 0
1 0
1 0
1 0
1 0
1 0
1 0
1 0
1 0
1 0
1 0
1 0
1 0
1 0
1 0
1 0
1 0
1 0
1 0
1 0
1 0
1 0
1 0
1 0
1 0
1 0
1 0
1 0
1 0
1 0
1 0
1 0
1 0
1 0
1 0
1 0
1 0
1 0
1 0
1 0
1 0
1 0
1 0
1 0
1 0
1 0
1 0
1 0
1 0
1 0
1 0
1 0
1 0
1 0
1 0
1 0
1 0
1 0
1 0
1 0
1 0
1 0
1 0
1 0
1 0
1 0
1 0
1 0
1 0
1 0
1 0
1 0
1 0
1 0
1 0
1 0
1 0
1 0
1 0
1 0
1 0
1 0
1 0
1 0
1 0
1 0
1 0
1 0
1 0
1 0
1 0
1 0
1 0
1 0
1 0
1 0
1 0
1 0
1 0
1 0
1 0
1 0
1 0
1 0
1 0
1 0
1 0
1 0
1 0
1 0
1 0
1 0
1 0
1 0
1 0
1 0
1 0
1 0
1 0
1 0
1 0
1 0
1 0
1 0
1 0
1 0
1 0
1 0
1 0
1 0
1 0
1 0
1 0
1 0
1 0
1 0
1 0
1 0
1 0
1 0
1 0
1 0
1 0
1 0
1 0
1 0
1 0
1 0
1 0
1 0
1 0
1 0
1 0
1 0
1 0
1 0
1 0
1 0
1 0
1 0
1 0
1 0
1 0
1 0
1 0
1 0
1 0
1 0
1 0
1 0
1 0
1 0
1 0
1 0
1 0
1 0
1 0
1 0
1 0
1 0
1 0
1 0
1 0
1 0
1 0
1 0
1 0
1 0
1 0
1 0
1 0
1 0
1 0
1 0
1 0
1 0
1 0
1 0
1 0
1 0
1 0
1 0
1 0
1 0
1 0
1 0
1 0
1 0
1 0
1 0
1 0
1 0
1 0
1 0
1 0
1 0
1 0
1 0
1 0
1 0
1 0
1 0
1 0
1 0
1 0
1 0
1 0
1 0
1 0
1 0
1 0
1 0
1 0
1 0
1 0
1 0
1 0
1 0
1 0
1 0
1 0
1 0
1 0
1 0
1 0
1 0
1 0
1 0
1 0
1 0
1 0
1 0
1 0
1 0
1 0
1 0
1 0
1 0
1 0
1 0
1 0
1 0
1 0
1 0
1 0
1 0
1 0
1 0
1 0
1 0
1 0
1 0
1 0
1 0
1 0
1 0
1 0
1 0
1 0
1 0
1 0
1 0
1 0
1 0
1 0
1 0
1 0
1 0
1 0
1 0
1 0
1 0
1 0
1 0
1 0
1 0
1 0
1 0
1 0
1 0
1 0
1 0
1 0
1 0
1 0
1 0
1 0
1 0
1 0
1 0
1 0
1 0
1 0
1 0
1 0
1 0
1 0
1 0
1 0
1 0
1 0
1 0
1 0
1 0
1 0
1 0
1 0
1 0
1 0
1 0
1 0
1 0
1 0
1 0
1 0
1 0
1 0
1 0
1 0
1 0
1 0
1 0
1 0
1 0
1 0
1 0
1 0
1 0
1 0
1 0
1 0
1 0
1 0
1 0
1 0
1 0
1 0
1 0
1 0
1 0
1 0
1 0
1 0
1 0
1 0
1 0
1 0
1 0
1 0
1 0
1 0
1 0
1 0
1 0
1 0
1 0
1 0
1 0
1 0
1 0
1 0
1 0
1 0
1 0
1 0
1 0
1 0
1 0
1 0
1 0
1 0
1 0
1 0
1 0
1 0
1 0
1 0
1 0
1 0
1 0
1 0
1 0
1 0
1 0
1 0
1 0
1 0
1 0
1 0
1 0
1 0
1 0
1 0
1 0
1 0
1 0
1 0
1 0
1 0
1 0
1 0
1 0
1 0
1 0
1 0
1 0
1 0
1 0
1 0
1 0
1 0
1 0
1 0
1 0
1 0
1 0
1 0
1 0
1 0
1 0
1 0
1 0
1 0
1 0
1 0
1 0
1 0
1 0
1 0
1 0
1 0
1 0
1 0
1 0
1 0
1 0
1 0
1 0
1 0
1 0
1 0
1 0
1 0
1 0
1 0
1 0
1 0
1 0
1 0
1 0
1 0
1 0
1 0
1 0
1 0
1 0
1 0
1 0
1 0
1 0
1 0
1 0
1 0
1 0
1 0
1 0
1 0
1 0
1 0
1 0
1 0
1 0
1 0
1 0
1 0
1 0
1 0
1 0
1 0
1 0
1 0
1 0
1 0
1 0
1 0
1 0
1 0
1 0
1 0
1 0
1 0
1 0
1 0
1 0
1 0
1 0
1 0
1 0
1 0
1 0
1 0
1 0
1 0
1 0
1 0
1 0
1 0
1 0
1 0
1 0
1 0
1 0
1 0
1 0
1 0
1 0
1 0
1 0
1 0
1 0
1 0
1 0
1 0
1 0
1 0
1 0
1 0
1 0
1 0
1 0
1 0
1 0
1 0
1 0
1 0
1 0
1 0
1 0
1 0
1 0
1 0
1 0
1 0
1 0
1 0
1 0
1 0
1 0
1 0
1 0
1 0
1 0
1 0
1 0
1 0
1 0
1 0
1 0
1 0
1 0
1 0
1 0
1 0
1 0
1 0
1 0
1 0
1 0
1 0
1 0
1 0
1 0
1 0
1 0
1 0
1 0
1 0
1 0
1 0
1 0
1 0
1 0
1 0
1 0
1 0
1 0
1 0
1 0
1 0
1 0
1 0
1 0
1 0
1 0
1 0
1 0
1 0
1 0
1 0
1 0
1 0
1 0
1 0
1 0
1 0
1 0
1 0
1 0
1 0
1 0
1 0
1 0
1 0
1 0
1 0
1 0
1 0
1 0
1 0
1 0
1 0
1 0
1 0
1 0
1 0
1 0
1 0
1 0
1 0
1 0
1 0
1 0
1 0
1 0
1 0
1 0
1 0
1 0
1 0
1 0
1 0
1 0
1 0
1 0
1 0
1 0
1 0
1 0
1 0
1 0
1 0
1 0
1 0
1 0
1 0
1 0
1 0
1 0
1 0
1 0
1 0
1 0
1 0
1 0
1 0
1 0
1 0
1 0
1 0
1 0
1 0
1 0
1 0
1 0
1 0
1 0
1 0
1 0
1 0
1 0
1 0
1 0
1 0
1 0
1 0
1 0
1 0
1 0
1 0
1 0
1 0
1 0
1 0
1 0
1 0
1 0
1 0
1 0
1 1021
1 1021
1 1021
1 1021
0 1025
1 1026
1 1026
1 1026
1 1026
1 1026
1 1026
1 1026
1 1026
1 1026
1 1026
1 1026
1 1026
1 1026
1 1026
1 1026
1 1026
1 1026
1 1026
1 1026
1 1026
1 1026
1 1026
1 1026
1 1026
1 1026
1 1026
1 1026
1 1026
1 1026
1 1026
1 1026
1 1026
1 1026
1 1026
1 1026
1 1026
1 1026
1 1026
1 1026
1 1026
1 1026
1 1026
1 1026
1 1026
1 1026
1 1026
1 1026
1 1026
1 1026
1 1026
1 1026
1 1026
1 1026
1 1026
1 1026
1 1026
1 1026
1 1026
1 1026
1 1026
1 1026
1 1026
1 1026
1 1026
1 1026
1 1026
1 1026
1 1026
1 1026
0 1095
1 0
1 0
1 0
1 0
1 0
1 0
1 0
1 0
1 0
1 0
1 0
1 0
1 0
1 0
1 0
1 0
1 0
1 0
1 0
1 0
1 0
1 0
1 0
1 0
1 0
1 0
1 0
1 0
1 0
1 0
1 0
1 0
1 0
1 0
1 0
1 0
1 0
1 0
1 0
1 0
1 0
1 0
1 0
1 0
1 0
1 0
1 0
1 0
1 0
1 0
1 0
1 0
1 0
1 0
1 0
1 0
1 0
1 0
1 0
1 0
1 0
1 0
1 0
1 0
1 0
1 0
1 0
1 0
1 0
1 0
1 0
1 0
1 0
1 0
1 0
1 0
1 0
1 0
1 0
1 0
1 0
1 0
1 0
1 0
1 0
1 0
1 0
1 0
1 0
1 0
1 0
1 0
1 0
1 0
1 0
1 0
1 0
1 0
1 0
1 0
1 0
1 0
1 0
1 0
1 0
1 0
0 1202
1 0
1 0
1 0
1 0
1 0
1 0
1 0
1 0
1 0
1 0
1 0
1 0
1 0
1 0
1 0
1 0
1 0
1 0
1 0
1 0
1 0
1 0
1 0
1 0
1 0
1 0
1 0
1 0
1 0
1 0
1 0
1 0
1 0
1 0
1 0
1 0
1 0
1 0
1 0
1 0
1 0
1 0
1 0
1 0
1 0
1 0
1 0
1 0
1 0
1 0
1 0
1 0
1 0
1 0
1 0
1 0
1 0
1 0
1 0
1 0
1 0
1 0
1 0
1 0
1 0
1 0
1 0
1 0
1 0
1 0
1 0
1 0
1 0
1 0
1 0
1 0
1 0
1 0
1 0
1 0
1 0
1 0
1 0
1 0
1 0
1 0
1 0
1 0
1 0
1 0
1 0
1 0
1 0
1 0
1 0
1 0
0 1299
0 1300
1 0
1 0
1 0
0 1304
0 1305
1 0
1 0
1 0
1 0
1 0
1 0
1 0
1 0
1 0
1 0
1 0
1 0
1 0
1 0
1 0
1 0
1 0
1 0
1 0
1 0
1 0
1 0
1 0
1 0
1 0
1 0
1 0
1 0
1 0
1 0
1 0
1 0
1 0
1 0
1 0
1 0
1 0
1 0
1 0
1 0
1 0
1 0
1 0
1 0
1 0
1 0
1 0
1 0
1 0
1 0
1 0
1 0
1 0
1 0
1 0
1 0
1 0
1 0
1 0
1 0
1 0
1 0
1 0
1 0
1 0
1 0
1 0
1 0
1 0
1 0
1 0
1 0
1 0
1 0
1 0
1 0
1 0
1 0
1 0
1 0
1 0
1 0
1 0
1 0
1 0
1 0
1 0
1 0
1 0
1 0
1 0
1 0
1 0
1 0
1 0
1 0
1 0
1 0
1 0
1 0
1 0
1 0
1 0
1 0
1 0
1 0
1 0
1 0
1 0
1 0
1 0
1 0
1 0
1 0
1 0
1 0
1 0
1 0
1 0
1 0
1 0
1 0
1 0
1 0
1 0
1 0
1 0
1 0
1 0
1 0
1 0
1 0
1 0
1 0
1 0
1 0
1 0
1 0
1 0
1 0
1 0
1 0
1 0
1 0
1 0
1 0
1 0
1 0
1 0
1 0
1 0
1 0
1 0
1 0
1 0
1 0
1 0
1 0
1 0
1 0
1 0
1 0
1 0
1 0
1 0
1 0
1 0
1 0
1 0
1 0
1 0
1 0
1 0
1 0
1 0
1 0
1 0
1 0
1 0
1 0
1 0
1 0
1 0
1 0
1 0
1 0
1 0
1 0
1 0
1 0
1 0
1 0
1 0
1 0
1 0
1 0
1 0
1 0
1 0
1 0
1 0
1 0
1 0
1 0
1 0
1 0
1 0
1 0
1 0
1 0
1 0
1 0
1 0
1 0
1 0
1 0
1 0
1 0
1 0
1 0
1 0
1 0
1 0
1 0
1 0
1 0
1 0
1 0
1 0
1 0
1 0
1 0
1 0
1 0
1 0
1 0
1 0
1 0
1 0
1 0
1 0
1 0
1 0
1 0
1 0
1 0
1 0
1 0
1 0
1 0
1 0
1 0
1 0
1 0
1 0
1 0
1 0
1 0
1 0
1 0
1 0
1 0
1 0
1 0
1 0
1 0
1 0
1 0
1 0
1 0
1 0
1 0
1 0
1 0
1 0
1 0
1 0
1 0
1 0
1 0
1 0
1 0
1 0
1 0
1 0
1 0
1 0
1 0
1 0
1 0
1 0
1 0
1 0
1 0
1 0
1 0
1 0
1 0
1 0
1 0
1 0
1 0
1 0
1 0
1 0
1 0
1 0
1 0
1 0
1 0
1 0
1 0
1 0
1 0
1 0
1 0
1 0
1 0
1 0
1 0
1 0
1 0
1 0
1 0
1 0
1 0
1 0
1 0
1 0
1 0
1 0
1 0
1 0
1 0
1 0
1 0
1 0
1 0
1 0
1 0
1 0
1 0
1 0
1 0
1 0
1 0
1 0
1 0
1 0
1 0
1 0
1 0
1 0
1 0
1 0
1 0
1 0
1 0
1 0
1 0
1 0
1 0
1 0
1 0
1 0
1 0
1 0
1 0
1 0
1 0
1 0
1 0
1 0
1 0
1 0
1 0
1 0
1 0
1 0
1 0
1 0
1 0
1 0
1 0
1 0
1 0
1 0
1 0
1 0
1 0
1 0
1 0
1 0
1 0
1 0
1 0
1 0
1 0
1 0
1 0
1 0
1 0
1 0
1 0
1 0
1 0
1 0
1 0
1 0
1 0
1 0
1 0
1 0
1 0
1 0
1 0
1 0
1 0
1 0
1 0
1 0
1 0
1 0
1 0
1 0
1 0
1 0
1 0
1 0
1 0
1 0
1 0
1 0
1 0
1 1741
1 1741
1 1741
1 1741
1 1741
1 1741
1 1746
1 1741
1 1746
1 1741
1 1746
1 1746
1 1746
1 1746
1 1746
1 1746
1 1746
1 1746
1 1746
1 1746
1 1746
1 1746
1 1746
1 1746
1 1746
1 1746
1 1746
1 1746
1 1746
1 1746
1 1746
1 1741
1 1741
1 1741
1 1746
1 1741
1 1741
1 1741
1 1741
1 1746
1 1746
1 1741
1 1741
1 1741
1 1741
1 1741
1 1741
1 1741
1 1741
1 1741
1 1741
1 1741
1 1741
1 1741
1 1741
1 1741
1 1741
1 1746
0 1798
1 1741
1 1741
1 1741
1 1741
1 1741
1 1741
1 1741
1 1741
1 1741
1 1741
1 1741
1 1741
1 1741
1 1741
1 1741
1 1741
1 1741
1 1741
1 1741
1 1741
1 1741
1 1741
1 1741
1 1741
1 1741
1 1746
1 1741
1 1741
1 1741
1 1741
1 1741
1 1741
1 1741
1 1741
1 1741
1 1741
1 1741
1 1741
1 1746
1 1746
1 1746
1 1746
1 1746
1 1021
1 1021
1 1746
0 1845
0 1846
0 1847
1 1849
1 1849
1 1026
0 1851
1 1849
1 1026
1 1026
1 1026
1 1026
1 1026
1 1026
1 1026
1 1026
1 1026
1 1026
1 1026
1 1026
1 1026
1 1026
1 1026
1 1026
1 1026
1 1026
1 1026
1 1026
1 1026
1 1026
1 1026
1 1026
1 1026
1 1026
1 1026
1 1026
1 1026
1 1026
1 1026
1 1026
1 1026
1 1026
1 1026
1 1026
1 1026
1 1026
1 1026
1 1026
1 1026
1 1026
1 1026
1 1026
1 1026
1 1026
1 1849
1 1026
1 1026
1 1026
1 1026
1 1026
1 1026
1 1026
1 1026
1 1026
1 1026
1 1026
1 1026
1 1026
1 1026
1 1026
1 1026
1 1026
1 1026
1 1026
1 1026
1 1026
1 1026
1 1026
1 1026
1 1026
1 1026
1 1026
1 1026
1 1026
1 1026
1 1026
1 1026
1 1026
1 1026
1 1026
1 1026
1 1026
1 1026
1 1026
1 1026
1 1026
1 1026
1 1026
1 1026
1 1026
1 1026
1 1026
1 1026
1 1026
1 1026
1 1026
1 1026
1 1026
1 1026
1 1026
1 1026
1 1026
1 1026
1 1026
1 1026
1 1026
1 1026
1 1026
1 1026
1 1026
1 1026
1 1026
1 1026
1 1026
1 1026
1 1026
1 1026
1 1026
1 1026
1 1026
1 1026
1 1026
1 1026
1 1026
1 1026
1 1026
1 1026
1 1026
1 1026
1 1026
1 1026
1 1026
1 1026
1 1026
1 1026
1 1026
1 1026
1 1026
1 1026
1 1026
1 1026
1 1026
1 1026
1 1026
1 1026
1 1026
1 1026
1 1026
1 1026
1 1026
1 1026
1 1026
1 1026
1 1026
1 1026
1 1026
1 1026
1 1026
1 2013
1 2013
1 2013
1 2013
1 2013
1 2013
1 2013
1 2013
1 2013
1 2013
1 2013
1 2013
1 2013
1 2013
1 2013
1 2013
1 2013
1 2013
1 2013
1 2013
1 2013
1 2013
1 2013
1 2013
1 2013
1 2013
1 2013
1 2013
1 2013
1 2013
1 2043
1 2043
1 0
1 0
1 0
1 0
1 0
1 0
1 0
1 0
1 0
1 0
1 0
1 0
1 0
1 0
1 0
1 0
1 0
1 0
1 0
1 0
1 0
1 0
1 0
1 0
1 0
1 0
1 0
1 0
1 0
1 0
1 0
1 0
1 0
1 0
1 0
1 0
1 0
1 0
1 0
1 0
1 0
1 0
1 0
1 0
1 0
1 0
1 0
1 0
1 0
1 0
1 0
1 0
1 0
1 0
1 0
1 0
1 0
1 0
1 0
1 0
1 0
1 0
1 0
1 0
1 0
1 2043
1 2043
1 0
1 0
1 0
1 0
1 0
1 0
1 0
1 0
1 0
1 0
1 0
1 0
1 0
1 0
1 0
1 0
1 0
1 0
1 2043
1 2043
1 0
1 0
1 0
1 0
1 0
1 0
1 0
1 0
1 0
1 0
1 0
1 0
1 0
1 0
1 0
1 0
1 0
1 0
1 0
1 0
1 0
1 0
1 0
1 0
1 0
1 0
1 0
1 0
1 0
1 0
1 0
1 0
1 0
1 0
1 0
1 0
1 0
1 0
1 0
1 0
1 0
1 2177
1 0
1 0
1 0
1 2177
1 2177
1 0
1 2177
1 0
1 0
1 0
1 2373
1 2177
1 0
1 0
1 0
1 0
1 0
1 0
1 0
1 0
1 2177
1 0
1 0
1 0
1 0
1 0
1 0
1 0
1 0
1 0
1 0
1 0
1 0
1 0
1 0
1 0
1 0
1 0
1 0
1 0
1 0
1 0
1 0
1 0
1 0
1 0
1 0
1 0
1 0
1 0
1 1746
1 1746
1 1746
1 1746
1 1746
1 1746
1 1746
1 1746
1 1746
1 1746
1 1746
1 1746
1 1746
1 1746
1 1746
1 1746
1 1746
1 1746
1 1746
1 1746
1 1746
1 1746
1 1746
1 1746
1 1746
1 1746
1 1746
1 1746
1 1746
1 1746
1 1746
1 1746
1 1746
1 1746
1 1741
1 1741
1 1741
1 1741
1 1741
1 1741
1 1741
1 1741
1 1741
1 1741
1 1741
1 1746
1 1741
1 1741
1 1746
0 2273
0 2274
1 1849
1 1849
1 1849
1 1849
1 1849
1 1849
1 1849
1 1849
1 1849
1 1849
1 1849
1 1849
1 1849
0 2288
1 1849
1 1849
1 1849
0 2292
1 2013
1 2013
1 2013
1 2013
1 2013
1 2013
1 2013
1 2301
1 2301
1 2301
1 2301
1 2301
1 2305
0 2306
1 2305
1 2305
1 2305
1 2305
1 2305
1 2305
1 2305
1 2305
1 2305
1 2305
1 2305
0 2318
1 2305
1 2305
1 2305
1 2305
1 2305
0 2324
1 0
1 0
1 0
1 0
1 0
1 0
1 0
1 0
1 0
1 0
1 0
1 0
1 0
1 0
1 0
1 0
1 0
1 2043
1 0
1 0
1 0
1 0
1 0
1 0
1 0
1 2350
1 2350
1 2350
1 2350
1 2350
1 2350
1 2350
1 2350
1 2350
1 2350
1 2350
1 2350
1 2350
1 2350
1 2350
1 2350
1 2350
1 2350
1 2350
1 2373
1 2373
1 2373
1 2373
1 2373
0 2374
1 0
1 0
1 0
1 0
0 2379
1 2380
1 2380
1 2380
1 2380
1 2380
1 2380
1 2380
1 2380
1 2380
1 2380
1 2380
1 2380
1 2380
1 2380
1 2380
1 2380
1 2380
1 2380
1 2380
1 2380
1 2380
1 2380
1 2380
1 2380
1 2380
1 2380
1 2380
1 2380
1 2380
1 2380
1 2380
1 2380
1 2380
1 2380
1 2380
1 2380
1 2380
1 2380
1 2380
1 2380
1 2380
1 2380
1 2380
1 2380
1 2380
1 2380
1 2380
1 2380
1 2380
1 2380
1 2380
1 2380
1 2380
1 2380
1 2380
1 2380
1 2380
1 2380
1 2380
1 2380
1 2380
1 2380
1 2380
1 2380
1 2380
1 2380
1 2380
1 2380
1 2380
1 2380
1 2380
1 2380
1 2380
1 2380
1 2380
1 2380
1 2380
1 2380
1 2380
1 2380
1 2380
1 2380
1 2380
1 2380
1 2380
1 2380
1 2380
1 2380
1 2380
1 2380
1 2380
1 2380
1 2380
1 2380
1 2380
1 2380
1 2380
1 2380
1 2380
1 2380
1 2380
1 2380
1 2380
1 2380
1 2380
1 2380
1 2380
1 2380
1 2380
1 2380
1 2380
1 2380
1 2380
1 2380
1 2380
1 2380
1 2380
1 2380
1 2380
1 2380
1 2380
1 2380
1 2380
1 2380
1 2380
1 2380
1 2380
1 2380
1 2380
1 2380
1 2380
1 2380
1 2380
1 2380
1 2380
1 2380
1 2380
1 2380
1 2380
1 2380
1 2380
1 2380
1 2523
1 2523
1 2523
1 2523
1 2523
1 2523
1 2523
1 2523
1 2523
1 2350
1 2523
1 2523
1 2523
1 2523
1 2523
1 2523
1 2523
1 2523
1 2523
1 2523
1 2523
1 2523
1 2523
1 2523
1 2523
0 2547
1 2523
1 2523
1 2523
1 2523
1 2523
0 2553
1 2523
1 2523
1 2523
1 2523
1 2523
1 2523
0 2560
0 2561
1 2936
0 2563
0 2564
0 2565
1 2380
1 2380
1 2380
1 2380
1 2380
1 2380
1 2380
1 2380
1 2380
1 2380
1 2380
1 2380
1 2380
1 2380
1 2380
1 2380
1 2380
1 2380
1 2380
1 2380
1 2380
1 2380
1 2380
1 2380
1 2380
1 2380
1 2380
1 2380
1 2380
1 2380
1 2380
1 2380
1 2380
1 2380
1 2380
1 2380
1 2380
1 2380
1 2380
1 2380
1 2380
1 2380
1 2380
1 2380
1 2380
1 2380
1 2380
1 2380
1 2380
1 2380
1 2380
1 2380
1 2380
1 2380
1 2380
1 2380
1 2380
1 2380
1 2380
1 2380
1 2380
1 2380
1 2380
1 2380
1 2380
1 2380
1 2380
1 2380
1 2380
1 2380
1 2380
1 2380
1 2380
1 2380
1 2380
1 2380
1 2380
1 2380
1 2380
1 2380
1 2380
1 2380
1 2380
1 2380
1 2380
1 2380
1 2380
1 2380
1 2380
1 2380
1 2380
1 2380
1 2380
1 2380
1 2380
1 2380
1 2380
1 2380
1 2380
1 2380
1 2380
1 2380
1 2380
1 2380
1 2380
1 2380
1 2380
1 2380
1 2380
1 2380
1 2380
1 2380
1 2380
1 2380
1 2380
1 2380
1 2380
1 2380
1 2380
1 2380
1 2380
1 2380
1 2380
1 2380
1 2380
1 2380
1 2380
1 2380
1 2380
1 2380
1 2380
1 2380
1 2380
1 2380
1 2380
1 2380
1 2380
1 2380
1 2380
1 2380
1 2380
1 2380
1 2380
1 2380
1 2380
1 2380
1 2380
1 2380
1 2380
1 2380
1 2380
1 2380
1 2380
1 2380
1 2380
1 2380
1 2380
1 2380
1 2380
1 2380
1 2380
1 2380
1 2380
1 2380
1 2380
1 2380
1 2380
1 2380
1 2380
1 2380
1 2380
1 2380
1 2380
1 2380
1 2380
1 2380
1 2380
1 2380
1 2380
1 2380
1 2380
1 2380
1 2380
1 2380
1 2380
1 2380
1 2380
1 2380
1 2380
1 2380
1 2380
1 2380
1 2380
1 2380
1 2380
1 2380
1 2380
1 2380
1 2380
1 2380
1 2380
1 2380
1 2380
1 2380
1 2380
1 2380
1 2380
1 2380
1 2380
1 2380
1 2380
1 2380
1 2380
1 2380
1 2380
1 2380
1 2380
1 2380
1 2380
1 2380
1 2380
1 2380
1 2380
1 2380
1 2380
1 2380
1 2380
1 2380
1 2380
1 2380
1 2380
1 2380
1 2380
1 2380
1 2380
1 2380
1 2380
1 2380
1 2380
1 2380
1 2380
1 2380
1 2380
1 2380
1 2380
1 2380
1 2380
1 2380
1 2380
1 2380
1 2380
1 2380
1 2380
1 2380
1 2380
1 2380
1 2380
1 2380
1 2380
1 2380
1 2380
1 2380
1 2380
1 2380
1 2380
1 2380
1 2380
1 2380
1 2380
1 2380
1 2380
1 2380
1 2380
1 2380
0 2840
1 2523
1 2523
1 2523
1 2523
1 2523
1 2523
1 2523
1 2523
1 2523
1 2523
1 2523
1 2523
1 2523
1 2523
1 2523
1 2523
1 2523
1 2523
1 2523
1 2523
1 2523
1 2523
1 2523
1 2523
1 2523
1 2523
1 2523
1 2523
1 2523
1 2523
1 2523
1 2523
1 2523
1 2523
1 2523
1 2523
1 2523
1 2523
1 2523
1 2523
1 2523
1 2523
1 2523
1 2523
1 2523
1 2523
1 2523
1 2523
1 2523
1 2523
1 2523
1 2523
1 2523
1 2523
1 2523
1 2523
1 2523
1 2523
1 2523
1 2523
1 2523
1 2523
1 2523
1 2523
1 2523
1 2523
1 2523
1 2523
1 2523
1 2523
1 2523
1 2523
1 2523
1 2523
1 2523
1 2523
1 2523
1 2523
1 2523
1 2523
1 2523
1 2523
1 2523
0 2924
1 2925
1 2925
1 2925
0 2928
1 2925
1 2925
1 2925
1 2925
0 2933
1 2936
1 2936
1 2936
1 2936
1 2936
1 2936
1 2936
1 2936
0 2942
1 2936
0 2944
0 2945
0 2946
0 2947
0 2948
0 2949
0 2950
0 2951
0 2952
0 2953
1 2380
1 2380
1 2380
1 2380
1 2380
1 2380
1 2380
1 2380
1 2380
1 2380
1 2380
1 2380
1 2380
1 2380
1 2380
1 2380
1 2380
1 2380
1 2380
1 2380
1 2380
1 2380
1 2380
1 2380
1 2380
1 2380
1 2380
1 2380
1 2380
1 2380
1 2380
1 2380
1 2380
1 2380
1 2380
1 2380
1 2380
1 2380
1 2380
1 2380
1 2380
1 2380
1 2380
1 2380
1 2380
1 2380
1 2380
1 2380
1 2380
1 2380
1 2380
1 2380
1 2380
1 2380
1 2380
1 2380
1 2380
1 2380
1 2380
1 2380
1 2380
1 2380
1 2380
1 2380
1 2380
1 2380
1 2380
1 2380
1 2380
1 2380
1 2380
1 2380
1 2380
1 2380
1 2380
1 2380
1 2380
1 2380
1 2380
1 2380
1 2380
1 2380
1 2380
1 2380
1 2380
1 2380
1 2380
1 2380
1 2380
1 2380
1 2380
1 2380
1 2380
1 2380
1 2380
1 2380
1 2380
1 2380
1 2380
1 2380
1 2380
1 2380
1 2380
1 2380
1 2380
1 2380
1 2380
1 2380
1 2380
1 2380
1 2380
1 2380
1 2380
1 2380
1 2380
1 2380
1 2380
1 2380
1 2380
1 2380
1 2380
1 2380
1 2380
1 2380
1 2380
1 2380
1 2380
1 2380
1 2380
1 2380
1 2380
1 2380
1 2380
1 2380
1 2380
1 2380
1 2380
1 2380
1 2380
1 2380
1 2380
1 2380
1 2380
1 2380
1 2380
1 2380
1 2380
1 2380
1 2380
1 2380
1 2380
1 2380
1 2380
1 2380
1 2380
1 2380
1 2380
1 2380
1 2380
1 2380
1 2380
1 2380
1 2380
1 2380
1 2380
1 2380
1 2380
1 2380
1 2380
1 2380
1 2380
1 2380
1 2380
1 2380
1 2380
1 2380
1 2380
1 2380
1 2380
1 2380
1 2380
1 2380
1 2380
1 2380
1 2380
1 2380
1 2380
1 2380
1 2380
1 2380
1 2380
1 2380
1 2380
1 2380
1 2380
1 2380
1 2380
1 2380
1 2380
1 2380
1 2380
1 2380
1 2380
1 2380
1 2380
1 2380
1 2380
1 2380
1 2380
1 2380
1 2380
1 2380
1 2380
1 2380
1 2380
1 2380
1 2380
1 2380
1 2380
1 2380
1 2380
1 2380
1 2380
1 2380
1 2380
1 2380
1 2380
1 2523
1 2523
1 2523
1 2523
1 2523
1 2523
1 2523
1 2523
1 2523
1 2523
1 2523
1 2523
1 3193
1 2523
1 2523
1 3193
1 2523
1 2523
1 2523
1 3193
1 2523
1 2523
1 3193
1 2523
1 2523
1 2523
1 2523
1 2523
1 2523
1 2523
1 2523
1 2523
1 2523
1 2523
1 2523
1 2523
1 2523
1 2523
1 2523
1 2523
1 2523
1 2523
1 2523
1 2523
1 2925
1 2523
1 2523
1 2523
1 2925
1 2925
1 2523
1 2925
1 2925
1 2925
1 2925
1 2523
1 2925
0 3238
1 2925
1 2925
1 2925
1 2925
1 2925
0 3244
1 3246
1 3246
1 3246
1 3246
1 3246
0 3250
1 3246
0 3252
0 3253
0 3254
1 3260
0 3256
1 3260
1 3260
0 3259
1 3260
1 3260
1 3260
0 3263
1 3435
0 3265
0 3266
0 3267
0 3268
1 2380
1 2380
1 2380
1 2380
1 2380
1 2380
1 2380
1 2380
1 2380
1 2380
1 2380
1 2380
1 2380
1 2380
1 2380
1 2380
1 2380
1 3287
1 3287
1 3287
1 3287
0 3290
0 3291
0 3292
0 3293
1 2380
1 2380
1 2380
1 2380
1 2380
1 2380
1 2380
1 2380
1 2380
1 2380
0 3304
0 3305
0 3306
0 3307
0 3308
1 2380
1 2380
1 2380
1 2380
1 2380
1 2380
1 2380
1 2380
1 2380
1 2380
1 2380
1 2380
1 2523
1 2523
1 2523
1 2523
1 2523
1 2523
1 2523
1 2523
1 2523
1 2523
1 2523
1 2523
1 3193
1 3193
1 2523
1 2523
1 3337
1 2523
1 2523
1 3337
1 3337
1 2523
1 3337
1 2523
1 3193
1 3193
1 2523
1 2523
1 2523
1 2523
1 2523
1 2523
1 2523
1 2523
1 2523
1 2523
1 2523
1 2523
1 2523
1 2523
1 2523
1 2523
1 2523
1 2523
1 2523
1 2523
1 2523
1 2523
1 2523
1 2523
1 2523
1 2523
1 2523
1 2523
1 3337
1 2523
1 2523
1 2523
1 2523
1 2523
1 3337
1 2523
1 2523
1 2523
1 2925
1 3337
1 3337
1 2523
1 2523
1 2523
1 2523
1 2523
1 3337
1 3337
1 2523
1 3337
1 3337
1 3337
1 3337
1 3337
1 3337
1 2523
1 2523
1 3337
1 3337
1 2523
1 3337
1 3337
1 3337
1 3337
1 3337
1 3337
1 3337
1 3337
1 2523
1 2523
1 3337
1 3337
0 3419
0 3420
0 3421
1 3337
1 3337
1 3337
1 3337
1 3337
1 3337
1 3337
1 3337
1 3337
1 3337
1 3337
1 3337
1 3337
1 3435
1 3337
1 3435
1 3337
1 3337
1 3435
1 3435
1 3435
1 3435
1 3337
1 3435
1 3435
1 3435
1 3435
1 3337
0 3450
1 3435
1 3337
1 3435
1 3435
1 3435
1 3337
0 3457
1 3435
0 3459
1 3435
1 3435
1 3435
1 3435
1 3435
1 3435
1 3435
1 3435
1 3435
1 3435
1 3435
1 3435
1 3435
1 3435
1 3435
1 3435
1 3435
1 3435
1 3435
1 3435
1 3435
1 3435
1 3435
1 3435
1 3435
1 3435
1 3435
1 3337
1 3435
1 3337
1 3435
1 3337
1 3435
1 3337
1 3337
1 3337
1 3337
1 3337
1 3337
1 3337
1 3337
1 3435
1 3435
1 3435
1 3337
1 3337
1 3435
1 3337
1 3337
1 3435
1 3337
1 3337
1 3337
1 3337
1 3337
1 3435
1 3435
1 3337
1 3435
1 3435
1 3435
1 3435
1 3435
1 3435
1 3435
1 3435
1 3435
1 3435
1 3337
1 3435
1 3435
1 3435
1 3435
1 3337
1 3337
1 3435
1 3435
1 3435
1 3435
1 3435
1 3435
1 3337
1 3337
1 3337
1 3435
1 3435
1 3435
1 3435
1 3435
1 3337
1 3337
1 3337
1 3337
1 3337
1 3435
1 3435
1 3435
1 3435
1 3435
1 3337
1 3337
1 3337
1 3337
1 3337
1 3435
1 3435
1 3337
1 3337
1 3337
1 3337
1 3337
1 3435
1 3435
1 3435
1 3435
1 3435
1 3435
1 3337
1 3337
1 3337
1 3435
1 3435
1 3435
1 3435
1 3337
1 3337
1 3337
1 3435
1 3435
1 3435
1 3435
1 3435
1 3337
1 3337
1 3337
1 3435
1 3435
1 3435
1 3337
1 3337
1 3435
1 3435
1 3435
1 3435
1 3337
1 3337
1 3435
1 3435
1 3435
1 3337
1 3435
1 3435
1 3435
1 3337
1 3435
1 3435
1 3435
1 3435
1 3337
1 3337
1 3337
1 3337
1 3435
1 3435
1 3337
1 3337
1 3337
1 3337
1 3337
1 3337
1 3337
1 3337
1 3337
1 3337
1 3435
1 3337
1 3337
1 3337
1 3337
1 3337
1 3337
1 3337
1 3337
1 3435
1 3337
1 3337
1 3337
1 3435
1 3435
1 3435
1 3337
1 3435
1 3435
1 3435
1 3435
1 3435
1 3435
1 3435
1 3435
1 3337
1 3337
1 3435
1 3435
1 3435
1 3435
1 3435
1 3435
1 3435
1 3435
1 3435
1 3435
1 3435
1 3435
1 3435
1 3435
1 3435
1 3435
1 3435
1 3435
1 3435
1 3435
1 3435
1 3435
1 3435
1 3337
1 3337
1 3435
1 3435
1 3435
1 3435
1 3435
1 3435
1 3435
1 3435
1 3435
1 3435
1 3435
1 3435
1 3435
1 3435
1 3435
1 3435
1 3337
1 3435
1 3435
1 3435
1 3435
1 3435
1 3435
1 3435
1 3435
1 3435
1 3435
1 3435
1 3435
1 3435
1 3435
1 3435
1 3435
1 3435
1 3435
1 3435
1 3435
1 3435
1 3435
1 3435
1 3435
1 3435
1 3435
1 3435
0 3730
0 3731
0 3732
0 3733
0 3734
0 3735
1 3287
1 3287
0 3738
0 3739
0 3740
1 3337
1 3337
1 3337
1 2523
1 3337
1 3337
1 3337
1 3337
1 3337
1 3337
1 3337
1 2523
1 2523
1 2523
1 2523
1 3337
1 3337
1 3337
1 3337
1 2523
1 3337
1 3337
1 2523
1 3337
1 2523
1 3337
1 3337
1 3337
1 2523
1 2523
1 3337
1 2523
1 2523
1 2523
1 2523
1 2523
1 2523
1 2523
1 3337
1 3337
1 2523
1 2523
1 2523
1 2523
1 2523
1 2523
1 2523
1 2523
1 3337
1 3337
1 3337
1 3337
1 3337
1 2523
1 2523
1 2523
1 2523
1 2523
1 2523
1 2523
1 2523
1 2523
1 3337
1 3337
1 3337
1 3337
1 2523
1 2523
1 2523
1 2523
1 2523
1 2523
1 2523
1 3337
1 3337
1 3337
1 3337
1 2523
1 2523
1 2523
1 2523
1 2523
1 2523
1 2523
1 2523
1 2523
1 2523
1 3337
1 3337
1 2523
1 2523
1 2523
1 2523
1 2523
1 2523
1 3337
1 3337
1 3337
1 3337
1 2523
1 2523
1 2523
1 2523
1 2523
1 2523
1 2523
1 2523
1 3337
1 3337
1 3337
1 3337
1 3337
1 2523
1 2523
1 2523
1 2523
1 2523
1 2523
1 2523
1 2523
1 3337
1 3337
1 3337
1 3337
1 3337
1 3337
1 2523
1 2523
1 2523
1 2523
1 2523
1 2523
1 2523
1 2523
1 2523
1 2523
1 3337
1 3337
1 3337
1 3337
1 3337
1 2523
1 2523
1 2523
1 2523
1 2523
1 2523
1 2523
1 2523
1 2523
1 3337
1 3337
1 3337
1 3337
1 3337
1 2523
1 2523
1 2523
1 2523
1 2523
1 2523
1 3337
1 3337
1 3337
1 3337
1 3337
1 3337
1 3337
1 2523
1 2523
1 2523
1 2523
1 2523
1 2523
1 2523
1 3337
1 3337
1 3337
1 2523
1 2523
1 2523
1 2523
1 2523
1 3337
1 2523
1 2523
1 2523
1 2523
1 2523
1 2523
1 2523
1 2523
1 3337
1 3337
1 2523
1 2523
1 2523
1 2523
1 2523
1 2523
1 2523
1 2523
1 2523
1 2523
1 3337
1 2523
1 2523
1 2523
1 2523
1 2523
1 2523
1 2523
1 3337
1 3337
1 2523
1 2523
1 2523
1 2523
1 3337
1 2523
1 2523
1 2523
1 2523
1 3337
1 2523
1 2523
1 2523
1 2523
1 2523
1 2523
1 2523
1 2523
1 2523
1 2523
1 3337
1 3337
0 3977
1 3337
1 3337
1 3337
1 5902
0 3982
0 3983
0 3984
1 3337
1 3337
1 3337
1 3337
1 3337
1 3337
1 3337
1 3337
1 3337
1 3337
1 3337
1 3337
1 3337
1 3337
1 3337
1 3337
1 3337
1 3337
1 3337
1 3337
1 3337
1 3337
1 3337
1 3337
1 3337
1 3337
1 3337
1 3337
1 3337
1 3337
1 3337
1 3337
1 3337
1 3337
1 3337
1 3337
1 3337
1 3337
1 3337
1 3337
1 3337
1 3337
1 3337
1 3337
1 3337
1 3337
1 3337
1 3337
1 3337
1 3337
1 3337
1 3337
1 3337
1 3337
1 3337
1 3337
1 3337
1 3337
1 3337
1 3337
1 3337
1 3337
1 3337
1 3337
1 3337
1 3337
1 3435
1 3337
1 3337
1 3337
1 3337
1 3337
1 3337
1 3337
1 3337
1 3337
1 3435
1 3435
1 3337
1 3337
1 3337
1 3337
1 3337
1 3337
1 3435
1 3435
1 3337
1 3337
1 3337
1 3337
1 3337
1 3337
1 3337
1 3435
1 3435
1 3435
1 3435
1 3435
1 3435
1 3435
1 3435
1 3337
1 3337
1 3337
1 3337
1 3337
1 3337
1 3337
1 3435
1 3435
1 3435
1 3435
1 3435
1 3435
1 3435
1 3435
1 3435
1 3435
1 3435
1 3337
1 3337
1 3337
1 3337
1 3435
1 3435
1 3435
1 3435
1 3435
1 3435
1 3435
1 3435
1 3435
1 3435
1 3435
1 3435
1 3435
1 3435
1 3435
1 3337
1 3337
1 3435
1 3435
1 3435
1 3435
1 3435
1 3435
1 3435
1 3435
1 3435
1 3435
1 3337
1 3337
1 3337
1 3337
1 3337
1 3435
1 3435
1 3435
1 3435
1 3435
1 3435
1 3435
1 3435
1 3435
1 3435
1 3435
1 3435
1 3435
1 3337
1 3337
1 3337
1 3435
1 3435
1 3435
1 3435
1 3435
1 3435
1 3435
1 3435
1 3435
1 3435
1 3435
1 3435
1 3435
1 3435
1 3435
1 3337
1 3337
1 3337
1 3435
1 3435
1 3435
1 3435
1 3435
1 3435
1 3435
1 3435
1 3435
1 3435
1 3435
1 3435
1 3435
1 3435
1 3337
1 3337
1 3435
1 3435
1 3435
1 3435
1 3435
1 3435
1 3435
1 3435
1 3435
1 3337
1 3337
1 3435
1 3435
1 3435
1 3435
1 3435
1 3435
1 3435
1 3435
1 3435
1 3435
1 3435
1 3435
1 3435
1 3435
1 3435
1 3435
1 3435
1 3435
1 3435
1 3435
1 3435
1 3435
1 3337
1 3337
1 3337
1 3435
1 3435
1 3435
1 3435
1 3435
1 3435
1 3435
1 3435
1 3435
1 3435
1 3435
1 3435
1 3435
1 3435
1 3435
1 3435
1 3435
1 3337
1 3337
1 3435
1 3435
1 3435
1 3435
1 3435
1 3435
1 3435
1 3435
1 3435
1 3435
1 3435
1 3435
1 3435
1 3435
1 3435
1 3435
1 3435
1 3337
1 3337
1 3337
1 3337
1 3337
1 3435
1 3435
1 3435
1 3435
1 3435
1 3435
1 3435
1 3435
1 3435
1 3435
1 3435
1 3435
1 3435
1 3435
1 3435
1 3435
1 3435
1 3435
1 3435
1 3435
1 3435
1 3435
1 3435
1 3435
1 3337
1 3337
1 3435
1 3435
1 3435
1 3435
1 3435
1 3435
1 3435
1 3435
1 3435
1 3435
1 3435
1 3435
1 3435
1 3435
1 3435
1 3435
1 3435
1 3435
1 3435
1 3337
1 3337
1 3337
1 3337
1 3337
1 3337
1 3337
1 3337
1 3435
1 3435
1 3435
1 3435
1 3435
1 3435
1 3435
1 3435
1 3435
1 3435
1 3435
1 3435
1 3435
1 3337
1 3337
1 3337
1 3337
1 3337
1 3337
1 3337
1 3435
1 3435
1 3435
1 3435
1 3435
1 3435
1 3435
1 3435
1 3435
1 3435
1 3435
1 3435
1 3435
1 3435
1 3435
1 3337
1 3337
1 3337
1 3337
1 3337
1 3337
1 3337
1 3337
1 3337
1 3337
1 3337
1 3435
1 3435
1 3435
1 3435
1 3435
1 3435
1 3435
1 3435
1 3435
1 3435
1 3435
1 3435
1 3435
1 3435
1 3337
1 3337
1 3337
1 3435
1 3435
1 3435
1 3435
1 3435
1 3435
1 3435
1 3435
1 3435
1 3435
1 3435
1 3337
1 3337
1 3337
1 3435
1 3435
1 3435
1 3435
1 3435
1 3435
1 3435
1 3435
1 3435
1 3435
1 3435
1 3435
1 3337
1 3337
1 3337
1 3337
1 3435
1 3435
1 3435
1 3435
1 3435
1 3435
1 3435
1 3435
1 3435
1 3435
1 3337
1 3337
1 3337
1 3435
1 3435
1 3435
1 3435
1 3435
1 3435
1 3435
1 3337
1 3337
1 3337
1 3337
1 3337
1 3435
1 3435
1 3435
1 3435
1 3435
1 3435
1 3337
1 3337
1 3337
1 3435
1 3435
1 3435
1 3435
1 3337
1 3337
1 3337
1 3337
1 3337
1 3337
1 3435
1 3435
1 3435
1 3435
1 3435
1 3435
1 3435
1 3435
1 3435
1 3435
1 3337
1 3337
1 3337
1 3337
1 3337
1 3337
1 3337
1 3435
1 3435
1 3435
1 3435
1 3435
1 3435
1 3435
1 3435
1 3337
1 3337
1 3337
1 3337
1 3337
1 3337
1 3337
1 3337
1 3337
1 3337
1 3435
1 3435
1 3435
1 3435
1 3435
1 3435
1 3435
1 3435
1 3435
1 3435
1 3435
1 3435
1 3337
1 3337
1 3337
1 3337
1 3337
1 3435
1 3435
1 3435
1 3435
1 3435
1 3337
1 3337
1 3337
1 3337
1 3337
1 3337
1 3435
1 3435
1 3435
1 3435
1 3435
1 3435
1 3435
1 3435
1 3435
1 3435
1 3435
1 3337
1 3337
1 3337
1 3337
1 3337
1 3337
1 3337
1 3337
1 3337
1 3337
1 3337
1 3337
1 3337
1 3435
1 3435
1 3435
1 3435
1 3337
1 3337
1 3337
1 3337
1 3337
1 3337
1 3337
1 3337
1 3337
1 3337
1 3337
1 3337
1 3337
1 3337
1 3337
1 3337
1 3337
1 3337
1 3337
1 3337
1 3337
1 3337
1 3337
1 3337
1 3435
1 3435
1 3435
1 3435
1 3435
1 3337
1 3337
1 3337
1 3337
1 3337
1 3337
1 3337
1 3337
1 3337
1 3337
1 3337
1 3337
1 3337
1 3337
1 3337
1 3337
1 3337
1 3337
1 3337
1 3337
1 3435
1 3435
1 3435
1 3435
1 3435
1 3435
1 3435
1 3337
1 3337
1 3337
1 3337
1 3337
1 3337
1 3337
1 3337
1 3337
1 3337
1 3435
1 3435
1 3435
1 3435
1 3435
1 3435
1 3435
1 3435
1 3435
1 3435
1 3435
1 3435
1 3337
1 3337
1 3337
1 3337
1 3435
1 3435
1 3435
1 3435
1 3435
1 3435
1 3435
1 3435
1 3337
1 3337
1 3337
1 3337
1 3337
1 3337
1 3337
1 3337
1 3337
1 3337
1 3435
1 3435
1 3435
1 3435
1 3435
1 3435
1 3435
1 3435
1 3337
1 3337
1 3337
1 3337
1 3337
1 3337
1 3435
1 3435
1 3435
1 3435
1 3435
1 3435
1 3435
1 3435
1 3435
1 3337
1 3337
1 3435
1 3435
1 3435
1 3435
1 3435
1 3435
1 3435
1 3435
1 3435
1 3435
1 3435
1 3435
1 3435
1 3435
1 3337
1 3337
1 3337
1 3337
1 3435
1 3435
1 3435
1 3435
1 3435
1 3435
1 3435
1 3435
1 3435
1 3435
1 3435
1 3435
1 3435
1 3435
1 3337
1 3337
1 3435
1 3435
1 3435
1 3435
1 3435
1 3435
1 3435
1 3435
1 3435
1 3435
1 3435
1 3337
1 3337
1 3435
1 3435
1 3435
1 3435
1 3435
1 3435
1 3435
1 3435
1 3337
1 3435
1 3435
1 3435
1 3337
1 3435
1 3435
1 3435
1 3435
1 3435
1 3435
1 3435
1 3435
1 3435
1 3435
1 3435
1 3337
1 3337
1 3337
1 3337
1 3337
1 3337
1 3337
1 3337
1 3337
1 3337
1 3337
1 3337
1 3337
1 3435
1 3435
1 3435
1 3435
1 3435
1 3435
1 3435
1 3435
1 3435
1 3435
1 3435
1 3337
1 3337
1 3337
1 3337
1 3337
1 3337
1 3337
1 3337
1 3337
1 3337
1 3337
1 3435
1 3435
1 3435
1 3435
1 3435
1 3337
1 3337
1 3337
1 3337
1 3337
1 3337
1 3337
1 3337
1 3337
1 3337
1 3337
1 3435
1 3435
1 3435
1 3435
1 3435
1 3435
1 3435
1 3435
1 3337
1 3337
1 3337
1 3337
1 3337
1 3337
1 3337
1 3337
1 3337
1 3337
1 3337
1 3337
1 3337
1 3337
1 3337
1 3337
1 3337
1 3337
1 3337
1 3337
1 3337
1 3337
1 3337
1 3337
1 3337
1 3337
1 3337
1 3337
1 3435
1 3435
1 3435
1 3435
1 3435
1 3435
1 3435
1 3435
1 3435
1 3435
1 3435
1 3435
1 3337
1 3337
1 3337
1 3337
1 3337
1 3337
1 3337
1 3337
1 3337
1 3337
1 3337
1 3337
1 3337
1 3337
1 3337
1 3337
1 3337
1 3337
1 3337
1 3337
1 3337
1 3337
1 3337
1 3337
1 3337
1 3337
1 3337
1 3337
1 3337
1 3337
1 3337
1 3337
1 3337
1 3337
1 3337
1 3337
1 3337
1 3435
1 3435
1 3435
1 3435
1 3435
1 3435
1 3435
1 3435
1 3435
1 3435
1 3337
1 3337
1 3337
1 3337
1 3337
1 3337
1 3337
1 3337
1 3337
1 3337
1 3337
1 3337
1 3337
1 3337
1 3337
1 3337
1 3337
1 3337
1 3337
1 3337
1 3337
1 3337
1 3337
1 3337
1 3337
1 3337
1 3337
1 3435
1 3435
1 3435
1 3435
1 3435
1 3435
1 3435
1 3435
1 3435
1 3435
1 3435
1 3435
1 3435
1 3435
1 3435
1 3435
1 3337
1 3337
1 3337
1 3337
1 3337
1 3337
1 3337
1 3337
1 3337
1 3337
1 3337
1 3337
1 3337
1 3337
1 3337
1 3337
1 3337
1 3337
1 3337
1 3337
1 3337
1 3337
1 3337
1 3337
1 3337
1 3337
1 3337
1 3337
1 3337
1 3337
1 3337
1 3337
1 3337
1 3337
1 3435
1 3435
1 3435
1 3435
1 3435
1 3435
1 3435
1 3435
1 3435
1 3435
1 3435
1 3337
1 3337
1 3337
1 3337
1 3337
1 3337
1 3337
1 3337
1 3337
1 3337
1 3337
1 3337
1 3337
1 3337
1 3337
1 3337
1 3337
1 3337
1 3337
1 3337
1 3337
1 3337
1 3337
1 3337
1 3337
1 3337
1 3337
1 3337
1 3337
1 3337
1 3337
1 3337
1 3435
1 3435
1 3435
1 3435
1 3435
1 3435
1 3435
1 3435
1 3435
1 3435
1 3435
1 3435
1 3435
1 3435
1 3435
1 3435
1 3435
1 3435
1 3435
1 3435
1 3435
1 3337
1 3337
1 3337
1 3337
1 3337
1 3337
1 3337
1 3337
1 3337
1 3337
1 3337
1 3435
1 3435
1 3435
1 3435
1 3435
1 3435
1 3435
1 3435
1 3435
1 3435
1 3435
1 3435
1 3435
1 3435
1 3435
1 3435
1 3435
1 3435
1 3435
1 3435
1 3435
1 3435
1 3435
1 3435
1 3435
1 3435
1 3435
1 3435
1 3337
1 3337
1 3337
1 3337
1 3435
1 3435
1 3435
1 3435
1 3435
1 3435
1 3435
1 3435
1 3435
1 3435
1 3435
1 3435
1 3435
1 3435
1 3435
1 3435
1 3337
1 3435
1 3435
1 3435
1 3435
1 3435
1 3435
1 3435
1 3435
1 3435
1 3435
1 3435
1 3435
1 3435
1 3435
1 3435
1 3435
1 3435
1 3435
1 3435
1 3435
1 3435
1 3435
1 3435
1 3435
1 3435
1 3435
1 3435
1 3435
1 3435
1 3435
1 3435
1 3337
1 3435
1 3435
1 3435
1 3435
1 3435
1 3435
1 3435
1 3435
1 3435
1 3337
1 3337
1 3435
1 3435
1 3435
1 3435
1 3435
1 3435
1 3435
1 3435
1 3435
1 3435
1 3435
1 3435
1 3435
1 3435
1 3435
1 3435
1 3435
1 3435
1 3337
1 3435
1 3435
1 3435
1 3435
1 3435
1 3435
1 3435
1 3435
1 3435
1 3435
1 3435
1 3435
1 3435
1 3435
1 3337
1 3435
1 3435
1 3435
1 3435
1 3435
1 3435
1 3435
1 3435
1 3435
1 3435
1 3435
1 3337
1 3337
1 3337
1 3435
1 3435
1 3435
1 3435
1 3435
1 3435
1 3435
1 3435
1 3435
1 3435
1 3435
1 3435
1 3435
1 3435
1 3435
1 3435
0 5198
1 3435
1 3435
1 3435
1 3435
1 3337
1 3435
1 3435
1 3435
1 3435
1 3435
1 3435
1 3435
1 3435
1 3435
1 5218
1 3435
1 3435
1 3435
1 3435
1 5218
1 5218
1 5218
1 5218
1 5218
1 5218
1 5218
1 5218
1 5218
1 5218
1 5218
1 5218
0 5230
0 5231
0 5232
0 5233
0 5234
0 5235
0 5236
0 5237
1 5238
1 5238
1 5238
1 5238
1 5238
1 5238
1 5238
1 3337
1 3337
1 3337
1 3337
1 3337
1 3337
1 3337
1 3337
1 3337
1 3337
1 3337
1 3337
1 3337
1 3337
1 3337
1 3337
1 3337
1 3337
1 3337
1 3337
1 2523
1 2523
1 2523
1 2523
1 2523
1 2523
1 2523
1 2523
1 2523
1 2523
1 2523
1 3337
1 3337
1 3337
1 3337
1 3337
1 3337
1 3337
1 3337
1 3337
1 3337
1 3337
1 3337
1 3337
1 2523
1 2523
1 2523
1 2523
1 2523
1 2523
1 2523
1 2523
1 2523
1 3337
1 3337
1 3337
1 3337
1 3337
1 3337
1 3337
1 3337
1 3337
1 2523
1 2523
1 2523
1 2523
1 2523
1 2523
1 2523
1 2523
1 3337
1 3337
1 3337
1 3337
1 3337
1 3337
1 3337
1 3337
1 3337
1 3337
1 3337
1 2523
1 2523
1 2523
1 2523
1 2523
1 3337
1 3337
1 3337
1 3337
1 3337
1 3337
1 3337
1 3337
1 3337
1 2523
1 2523
1 2523
1 2523
1 3337
1 3337
1 2523
1 2523
1 2523
1 2523
1 2523
1 3337
1 3337
1 3337
1 3337
1 3337
1 2523
1 2523
1 2523
1 2523
1 2523
1 2523
1 2523
1 2523
1 2523
1 2523
1 2523
1 2523
1 2523
1 2523
1 3337
1 3337
1 3337
1 3337
1 3337
1 3337
1 2523
1 2523
1 2523
1 3337
1 3337
1 3337
1 3337
1 3337
1 3337
1 2523
1 2523
1 2523
1 2523
1 2523
1 2523
1 2523
1 3337
1 3337
1 2523
1 2523
1 2523
1 2523
1 2523
1 2523
1 2523
1 3337
1 3337
1 3337
1 3337
1 3337
1 3337
1 3337
1 2523
1 2523
1 2523
1 2523
1 2523
1 2523
1 2523
1 2523
1 2523
1 2523
1 2523
1 2523
1 2523
1 2523
1 2523
1 2523
1 2523
1 3337
1 3337
1 3337
1 3337
1 3337
1 3337
1 3337
1 3337
1 3337
1 3337
1 3337
1 3337
1 3337
1 3337
1 3337
1 3337
1 3337
1 3337
1 3337
1 3337
1 3337
1 3337
1 3337
1 3337
1 3337
1 3337
1 3337
1 3337
1 3337
1 3337
1 3337
1 3337
1 3337
1 3337
1 3337
1 3337
1 3337
1 3337
1 2523
1 2523
1 2523
1 2523
1 2523
1 2523
1 2523
1 2523
1 2523
1 2523
1 2523
1 2523
1 3337
1 3337
1 3337
1 3337
1 3337
1 3337
1 3337
1 3337
1 3337
1 3337
1 3337
1 3337
1 3337
1 3337
1 3337
1 3337
1 3337
1 3337
1 3337
1 3337
1 3337
1 3337
1 3337
1 3337
1 3337
1 3337
1 3337
1 3337
1 3337
1 3337
1 3337
1 3337
1 3337
1 3337
1 2523
1 2523
1 2523
1 2523
1 2523
1 2523
1 2523
1 2523
1 2523
1 2523
1 2523
1 3337
1 3337
1 3337
1 3337
1 3337
1 3337
1 3337
1 3337
1 3337
1 3337
1 3337
1 3337
1 3337
1 3337
1 3337
1 3337
1 3337
1 3337
1 3337
1 2523
1 2523
1 3337
1 3337
1 3337
1 3337
1 3337
1 3337
1 3337
1 3337
1 3337
1 3337
1 3337
1 3337
1 3337
1 3337
1 3337
1 3337
1 3337
1 3337
1 3337
1 3337
1 3337
1 2523
1 2523
1 2523
1 2523
1 2523
1 3337
1 3337
1 3337
1 3337
1 3337
1 3337
1 3337
1 3337
1 3337
1 3337
1 3337
1 3337
1 2523
1 2523
1 2523
1 2523
1 2523
1 2523
1 2523
1 2523
1 3337
1 3337
1 3337
1 3337
1 3337
1 3337
1 3337
1 3337
1 3337
1 3337
1 3337
1 3337
1 3337
1 3337
1 3337
1 3337
1 2523
1 2523
1 2523
1 2523
1 2523
1 2523
1 2523
1 2523
1 2523
1 2523
1 2523
1 2523
1 3337
1 3337
1 3337
1 3337
1 3337
1 3337
1 3337
1 3337
1 3337
1 3337
1 3337
1 3337
1 3337
1 3337
1 3337
1 3337
1 3337
1 3337
1 2523
1 2523
1 2523
1 2523
1 2523
1 2523
1 2523
1 2523
1 2523
1 2523
1 2523
1 2523
1 2523
1 2523
1 2523
1 2523
1 2523
1 3337
1 3337
1 3337
1 3337
1 3337
1 3337
1 3337
1 3337
1 3337
1 3337
1 3337
1 3337
1 3337
1 2523
1 2523
1 2523
1 2523
1 2523
1 2523
1 2523
1 2523
1 2523
1 2523
1 2523
1 2523
1 2523
1 2523
1 2523
1 2523
1 2523
1 2523
1 3337
1 3337
1 3337
1 3337
1 3337
1 3337
1 3337
1 3337
1 3337
1 3337
1 3337
1 3337
1 3337
1 3337
1 3337
1 3337
1 2523
1 2523
1 2523
1 2523
1 2523
1 2523
1 2523
1 2523
1 3337
1 3337
1 3337
1 3337
1 3337
1 3337
1 3337
1 3337
1 3337
1 3337
1 3337
1 2523
1 2523
1 2523
1 2523
1 2523
1 2523
1 2523
1 2523
1 2523
1 2523
1 2523
1 2523
1 2523
1 2523
1 2523
1 2523
1 2523
1 3337
1 3337
1 3337
1 3337
1 3337
1 3337
1 3337
1 3337
1 3337
1 3337
1 3337
1 3337
1 2523
1 2523
1 2523
1 2523
1 2523
1 2523
1 2523
1 2523
1 2523
1 2523
1 2523
1 2523
1 2523
1 2523
1 2523
1 2523
1 2523
1 3337
1 3337
1 3337
1 3337
1 3337
1 3337
1 3337
1 3337
1 3337
1 2523
1 2523
1 2523
1 2523
1 2523
1 2523
1 2523
1 2523
1 2523
1 2523
1 2523
1 2523
1 2523
1 2523
1 2523
1 3337
1 3337
1 3337
1 3337
1 3337
1 3337
1 3337
1 3337
1 3337
1 2523
1 2523
1 2523
1 2523
1 2523
1 2523
1 2523
1 2523
1 2523
1 2523
1 2523
1 3337
1 3337
1 3337
1 3337
1 3337
1 3337
1 3337
1 3337
1 2523
1 2523
1 2523
1 2523
1 2523
1 2523
1 2523
1 2523
1 2523
1 2523
1 2523
1 2523
1 2523
1 2523
1 3337
1 3337
1 3337
1 3337
1 3337
1 2523
1 2523
1 2523
1 2523
1 2523
1 2523
1 2523
1 2523
1 2523
1 2523
1 2523
1 2523
1 2523
1 2523
1 2523
1 3337
1 3337
1 3337
1 3337
1 3337
1 2523
1 2523
1 2523
1 2523
1 2523
1 2523
1 2523
1 2523
1 2523
1 2523
1 2523
1 2523
1 2523
1 3337
1 3337
1 3337
1 2523
1 2523
1 2523
1 2523
1 2523
1 2523
1 2523
1 2523
1 2523
1 2523
1 3337
1 3337
1 3337
1 2523
1 2523
1 2523
1 2523
1 2523
1 2523
1 2523
1 2523
1 3337
1 3337
1 2523
1 2523
1 3337
1 2523
1 3337
0 5897
0 5898
1 5902
1 5902
1 3337
1 5902
1 5902
1 5902
1 5902
1 5902
1 5902
1 5902
1 3337
1 3337
1 3337
1 3337
1 3337
1 3337
1 3337
1 3337
1 3337
1 3337
1 3337
1 3337
1 3337
1 3337
1 3337
1 3337
1 3337
1 3337
1 3337
1 3337
1 3337
1 3337
1 3337
1 3337
1 3337
1 3337
1 3337
1 3337
1 3337
1 3337
1 3337
1 3337
1 3337
1 3337
1 3337
1 3337
1 3337
1 3337
1 3337
1 3337
1 3337
1 3337
1 3337
1 3337
1 3337
1 3337
1 3337
1 3337
1 3337
1 3337
1 3337
1 3337
1 3337
1 3337
1 3337
1 3337
1 3337
1 3337
1 3337
1 3337
1 3337
1 3337
1 3337
1 3337
1 3337
1 3337
1 3337
1 3337
1 3337
1 3337
1 3337
1 3337
1 3337
1 3337
1 3337
1 3337
1 3337
1 3337
1 3337
1 3337
1 3337
1 3337
1 3337
1 3337
1 3337
1 3337
1 3337
1 3337
1 3337
1 3337
1 3337
1 3337
1 3337
1 3337
1 3337
1 3337
1 3337
1 3337
1 3337
1 3337
1 3337
1 3337
1 3337
1 3337
1 3337
1 3337
1 3337
1 3337
1 3337
1 3337
1 3337
1 3337
1 3337
1 3337
1 3337
1 3337
1 3337
1 3337
1 3337
1 3337
1 3337
1 3337
1 3337
1 3337
1 3337
1 3337
1 3337
1 3337
1 3337
1 3337
1 3337
1 3337
1 3337
1 3337
1 3337
1 3337
1 3337
1 3337
1 3337
1 3337
1 3337
1 3337
1 3337
1 3337
1 3337
1 3337
1 3337
1 3337
1 3337
1 3337
1 3337
1 3337
1 3337
1 3337
1 3337
1 3337
1 3337
1 3337
1 3337
1 3337
1 3337
1 3337
1 3337
1 3337
1 3337
1 3337
1 3337
1 3337
1 3337
1 3337
1 3337
1 3337
1 3337
1 3337
1 3337
1 3337
1 3337
1 3337
1 3337
1 3337
1 3337
1 3337
1 3337
1 3337
1 3337
1 3337
1 3337
1 3337
1 3337
1 3337
1 3435
1 3337
1 3337
1 3337
1 3337
1 3337
1 3337
1 3337
1 3337
1 3337
1 3337
1 3337
1 3337
1 3337
1 3337
1 3337
1 3337
1 3337
1 3337
1 3337
1 3337
1 3337
1 3337
1 3337
1 3435
1 3337
1 3337
1 3337
1 3337
1 3337
1 3337
1 3337
1 3337
1 3337
1 3337
1 3337
1 3337
1 3337
1 3337
1 3337
1 3337
1 3435
1 3337
1 3337
1 3337
1 3337
1 3337
1 3337
1 3337
1 3337
1 3337
1 3337
1 3337
1 3337
1 3337
1 3337
1 3337
1 3337
1 3337
1 3337
1 3337
1 3337
1 3337
1 3337
1 3337
1 3337
1 3337
1 3337
1 3337
1 3337
1 3337
1 3337
1 3337
1 3337
1 3337
1 3337
1 3337
1 3337
1 3337
1 3337
1 3337
1 3337
1 3337
1 3435
1 3337
1 3337
1 3337
1 3337
1 3337
1 3337
1 3337
1 3337
1 3337
1 3337
1 3337
1 3337
1 3337
1 3337
1 3337
1 3337
1 3337
1 3435
1 3435
1 3337
1 3337
1 3337
1 3337
1 3337
1 3337
1 3337
1 3337
1 3337
1 3337
1 3337
1 3337
1 3337
1 3337
1 3435
1 3435
1 3435
1 3435
1 3435
1 3435
1 3435
1 3337
1 3337
1 3337
1 3337
1 3337
1 3337
1 3337
1 3337
1 3337
1 3337
1 3337
1 3337
1 3337
1 3337
1 3337
1 3337
1 3337
1 3337
1 3337
1 3337
1 3337
1 3435
1 3435
1 3435
1 3435
1 3435
1 3435
1 3435
1 3435
1 3435
1 3435
1 3435
1 3435
1 3337
1 3337
1 3337
1 3337
1 3337
1 3337
1 3337
1 3337
1 3337
1 3337
1 3337
1 3337
1 3337
1 3337
1 3337
1 3435
1 3435
1 3435
1 3435
1 3435
1 3435
1 3435
1 3337
1 3337
1 3337
1 3337
1 3337
1 3337
1 3337
1 3337
1 3337
1 3337
1 3337
1 3337
1 3435
1 3435
1 3435
1 3435
1 3435
1 3435
1 3435
1 3435
1 3435
1 3337
1 3337
1 3337
1 3337
1 3337
1 3337
1 3337
1 3337
1 3337
1 3337
1 3337
1 3435
1 3435
1 3435
1 3435
1 3435
1 3337
1 3337
1 3337
1 3337
1 3337
1 3337
1 3337
1 3337
1 3435
1 3435
1 3435
1 3435
1 3435
1 3435
1 3435
1 3435
1 3435
1 3435
1 3337
1 3337
1 3337
1 3337
1 3337
1 3337
1 3337
1 3337
1 3435
1 3435
1 3435
1 3435
1 3435
1 3435
1 3435
1 3435
1 3337
1 3337
1 3337
1 3337
1 3337
1 3337
1 3337
1 3337
1 3337
1 3435
1 3435
1 3435
1 3435
1 3435
1 3435
1 3435
1 3435
1 3435
1 3435
1 3435
1 3435
1 3435
1 3435
1 3435
1 3435
1 3337
1 3337
1 3337
1 3337
1 3337
1 3337
1 3337
1 3337
1 3435
1 3435
1 3435
1 3435
1 3435
1 3435
1 3435
1 3435
1 3435
1 3337
1 3337
1 3337
1 3337
1 3337
1 3337
1 3337
1 3337
1 3337
1 3337
1 3337
1 3435
1 3435
1 3435
1 3435
1 3435
1 3435
1 3337
1 3337
1 3337
1 3337
1 3337
1 3337
1 3337
1 3337
1 3337
1 3435
1 3435
1 3435
1 3435
1 3435
1 3435
1 3435
1 3435
1 3435
1 3435
1 3435
1 3435
1 3435
1 3435
1 3435
1 3435
1 3337
1 3337
1 3337
1 3337
1 3337
1 3337
1 3337
1 3337
1 3435
1 3435
1 3435
1 3435
1 3435
1 3435
1 3435
1 3435
1 3435
1 3435
1 3435
1 3435
1 3435
1 3337
1 3337
1 3337
1 3337
1 3337
1 3337
1 3337
1 3337
1 3337
1 3337
1 3435
1 3435
1 3435
1 3435
1 3435
1 3435
1 3435
1 3435
1 3435
1 3435
1 3435
1 3435
1 3435
1 3435
1 3337
1 3337
1 3337
1 3337
1 3337
1 3337
1 3337
1 3337
1 3337
1 3337
1 3337
1 3435
1 3435
1 3435
1 3435
1 3435
1 3435
1 3435
1 3435
1 3435
1 3435
1 3435
1 3435
1 3337
1 3337
1 3337
1 3337
1 3337
1 3337
1 3337
1 3337
1 3337
1 3337
1 3435
1 3435
1 3435
1 3435
1 3435
1 3435
1 3435
1 3435
1 3435
1 3435
1 3435
1 3435
1 3435
1 3435
1 3435
1 3435
1 3435
1 3435
1 3435
1 3435
1 3435
1 3435
1 3435
1 3337
1 3337
1 3337
0 6537
1 3337
1 3337
1 3337
1 3337
1 3337
1 3337
1 3435
1 3435
1 3435
1 3435
1 3435
1 3435
1 3435
1 3435
1 3435
1 3435
1 3435
1 3435
1 3435
1 3435
1 3435
1 3435
1 3435
1 3435
1 3435
1 3337
1 3337
1 3337
1 3337
1 3337
1 3337
1 3337
1 3337
1 3435
1 3435
1 3435
1 3435
1 3435
1 3435
1 3435
1 3435
1 3435
1 3435
1 3435
1 3435
1 3435
1 3435
1 3435
1 3435
1 3435
1 3435
1 3435
1 3435
1 3337
1 3337
1 3337
1 3337
1 3337
1 3337
1 3337
1 3337
1 3337
1 3337
1 3337
1 3337
1 3337
1 3337
1 3337
1 3337
1 3337
1 3435
1 3435
1 3435
1 3435
1 3435
1 3435
1 3435
1 3435
1 3435
1 3435
1 3435
1 3435
1 3337
1 3337
1 3337
1 3337
1 3337
1 3337
1 3337
1 3337
1 3337
1 3337
1 3337
1 3337
1 3337
1 3337
1 3337
1 3337
1 3435
1 3435
1 3435
1 3435
1 3435
1 3435
1 3435
1 3435
1 3435
1 3435
1 3337
1 3337
1 3337
1 3337
1 3337
1 3337
1 3337
1 3337
1 3337
1 3337
1 3337
1 3337
1 3337
1 3337
1 3337
1 3337
1 3435
1 3435
1 3435
1 3435
1 3435
1 3435
1 3435
1 3435
1 3435
1 3435
1 3435
1 3435
1 3435
1 3435
1 3435
1 3435
1 3435
1 3337
1 3337
1 3337
1 3337
1 3337
1 3337
1 3337
1 3337
1 3337
1 3337
1 3337
1 3337
1 3337
1 3337
1 3337
1 3337
1 3337
1 3337
1 3337
1 3337
1 3337
1 3337
1 3337
1 3337
1 3337
1 3337
1 3337
1 3337
1 3337
1 3337
1 3435
1 3435
1 3435
1 3435
1 3435
1 3435
1 3435
1 3435
1 3435
1 3435
1 3435
1 3435
1 3435
1 3435
1 3435
1 3435
1 3435
1 3435
1 3337
1 3337
1 3337
1 3337
1 3337
1 3337
1 3337
1 3337
1 3337
1 3337
1 3337
1 3337
1 3337
1 3337
1 3337
1 3337
1 3337
1 3337
1 3435
1 3435
1 3435
1 3435
1 3435
1 3435
1 3435
1 3435
1 3435
1 3435
1 3435
1 3435
1 3337
1 3337
1 3337
1 3337
1 3337
1 3337
1 3337
1 3337
1 3337
1 3337
1 3337
1 3337
1 3337
1 3337
1 3337
1 3337
1 3337
1 3337
1 3435
1 3435
1 3435
1 3435
1 3435
1 3435
1 3435
1 3435
1 3435
1 3435
1 3435
1 3435
1 3435
1 3435
1 3435
1 3435
1 3435
1 3435
1 3435
1 3435
1 3435
1 3435
1 3337
1 3337
1 3337
1 3337
1 3337
1 3337
1 3337
1 3337
1 3337
1 3337
1 3337
1 3337
1 3337
1 3337
1 3337
1 3337
1 3337
1 3337
1 3337
1 3337
1 3435
1 3435
1 3435
1 3435
1 3435
1 3435
1 3435
1 3435
1 3435
1 3435
1 3435
1 3435
1 3435
1 3435
1 3337
1 3337
1 3337
1 3337
1 3337
1 3337
1 3337
1 3337
1 3337
1 3337
1 3337
1 3337
1 3337
1 3337
1 3337
1 3435
1 3435
1 3435
1 3435
1 3435
1 3435
1 3435
1 3435
1 3435
1 3435
1 3435
1 3435
1 3435
1 3435
1 3435
1 3435
1 3435
1 3435
1 3337
1 3337
1 3337
1 3337
1 3337
1 3337
1 3337
1 3337
1 3337
1 3337
1 3337
1 3337
1 3337
1 3337
1 3337
1 3337
1 3337
1 3337
1 3337
1 3337
1 3337
1 3337
1 3337
1 3337
1 3337
1 3337
1 3435
1 3435
1 3435
1 3435
1 3435
1 3435
1 3435
1 3435
1 3435
1 3435
1 3435
1 3435
1 3435
1 3435
1 3337
1 3337
1 3337
1 3337
1 3337
1 3337
1 3337
1 3337
1 3337
1 3337
1 3337
1 3337
1 3337
1 3337
1 3337
1 3337
1 3337
1 3337
1 3337
1 3337
1 3435
1 3435
1 3435
1 3435
1 3435
1 3435
1 3435
1 3435
1 3435
1 3435
1 3435
1 3435
1 3337
1 3337
1 3337
1 3337
1 3337
1 3337
1 3337
1 3337
1 3337
1 3337
1 3337
1 3337
1 3337
1 3435
1 3435
1 3435
1 3435
1 3435
1 3435
1 3435
1 3435
1 3435
1 3337
1 3337
1 3337
1 3337
1 3337
1 3337
1 3337
1 3337
1 3337
1 3337
1 3337
1 3337
1 3337
1 3337
1 3337
1 3337
1 3337
1 3337
1 3337
1 3337
1 3337
1 3337
1 3337
1 3337
1 3337
1 3337
1 3337
1 3337
1 3337
1 3337
1 3337
1 3337
1 3337
1 3337
1 3435
1 3435
1 3435
1 3435
1 3435
1 3435
1 3435
1 3337
1 3337
1 3337
1 3337
1 3337
1 3337
1 3337
1 3337
1 3337
1 3337
1 3337
1 3337
1 3337
1 3337
1 3337
1 3337
1 3337
1 3337
1 3337
1 3337
1 3337
1 3337
1 3337
1 3337
1 3337
1 3337
1 3337
1 3337
1 3337
1 3337
1 3337
1 3337
1 3435
1 3435
1 3435
1 3435
1 3435
1 3435
1 3435
1 3337
1 3337
1 3337
1 3337
1 3337
1 3337
1 3337
1 3337
1 3337
1 3337
1 3337
1 3337
1 3337
1 3337
1 3337
1 3337
1 3337
1 3337
1 3337
1 3337
1 3337
1 3337
1 3337
1 3337
1 3337
1 3337
1 3337
1 3337
1 3337
1 3337
1 3337
1 3337
1 3337
1 3337
1 3337
1 3435
1 3435
1 3435
1 3435
1 3435
1 3435
1 3435
1 3435
1 3435
1 3435
1 3435
1 3435
1 3435
1 3435
1 3435
1 3435
1 3337
1 3337
1 3337
1 3337
1 3337
1 3337
1 3337
1 3337
1 3337
1 3337
1 3337
1 3337
1 3337
1 3337
1 3337
1 3337
1 3337
1 3337
1 3337
1 3337
1 3337
1 3435
1 3435
1 3435
1 3435
1 3435
1 3435
1 3435
1 3435
1 3435
1 3435
1 3435
1 3435
1 3435
1 3435
1 3435
1 3435
1 3435
1 3435
1 3435
1 3435
1 3435
1 3337
1 3337
1 3337
1 3337
1 3337
1 3337
1 3337
1 3337
1 3337
1 3337
1 3337
1 3337
1 3337
1 3337
1 3337
1 3337
1 3337
1 3337
1 3337
1 3337
1 3435
1 3435
1 3435
1 3435
1 3435
1 3435
1 3435
1 3435
1 3435
1 3435
1 3435
1 3435
1 3435
1 3435
1 3435
1 3435
1 3435
1 3435
1 3337
1 3337
1 3337
1 3337
1 3337
1 3337
1 3337
1 3337
1 3337
1 3337
1 3337
1 3337
1 3337
1 3337
1 3337
1 3337
1 3337
1 3337
1 3337
1 3337
1 3337
1 3337
1 3337
1 3435
1 3435
1 3435
1 3435
1 3435
1 3435
1 3435
1 3435
1 3435
1 3435
1 3435
1 3435
1 3435
1 3435
1 3435
1 3435
1 3435
1 3435
1 3435
1 3435
1 3435
1 3337
1 3337
1 3337
1 3337
1 3337
1 3337
1 3337
1 3337
1 3337
1 3337
1 3337
1 3337
1 3337
1 3337
1 3337
1 3337
1 3337
1 3337
1 3337
1 3337
1 3337
1 3337
1 3337
1 3337
1 3337
1 3435
1 3435
1 3435
1 3435
1 3435
1 3435
1 3435
1 3435
1 3435
1 3435
1 3435
1 3435
1 3435
1 3435
1 3435
1 3435
1 3337
1 3337
1 3337
1 3337
1 3337
1 3337
1 3337
1 3337
1 3337
1 3337
1 3337
1 3337
1 3337
1 3337
1 3337
1 3337
1 3337
1 3337
1 3337
1 3337
1 3435
1 3435
1 3435
1 3435
1 3435
1 3435
1 3435
1 3337
1 3337
1 3337
1 3337
1 3337
1 3337
1 3337
1 3337
1 3337
1 3337
1 3337
1 3337
1 3337
1 3337
1 3337
1 3337
1 3337
1 3337
1 3337
1 3337
1 3337
1 3337
1 3337
1 3337
1 3337
1 3337
1 3337
1 3435
1 3435
1 3435
1 3435
1 3435
1 3435
1 3435
1 3435
1 3435
1 3435
1 3435
1 3435
1 3435
1 3435
1 3435
1 3435
1 3435
1 3337
1 3337
1 3337
1 3337
1 3337
1 3337
1 3435
1 3435
1 3435
1 3435
1 3435
1 3435
1 3435
1 3435
1 3435
1 3435
1 3435
1 3435
1 3435
1 3337
1 3435
1 3435
1 3435
1 3435
1 3435
1 3435
1 3435
1 3435
1 3435
1 3435
1 3337
1 3337
1 3435
1 3435
1 3435
1 3435
1 3435
1 3435
1 3435
1 3435
1 3435
1 3435
1 3435
1 3435
1 3435
1 3435
1 3435
1 3337
1 3435
1 3435
1 3435
1 3435
1 3435
1 3435
1 3435
1 3435
1 3435
1 3337
1 3435
1 3435
1 3435
1 3435
1 3435
1 3435
1 3435
1 3435
1 3337
1 3435
1 3435
1 3435
1 3435
1 3435
1 3435
0 7398
1 3435
1 3435
1 3435
1 3435
1 3435
1 3435
1 3435
1 3435
1 3435
1 3435
1 3337
1 3337
0 7411
0 7412
0 7413
0 7414
0 7415
1 5238
1 5238
1 5238
1 5238
1 5238
1 5238
1 5238
1 5238
1 5238
1 3337
1 3337
1 3337
1 2523
1 2523
1 2523
1 2523
1 2523
1 2523
1 2523
1 2523
1 3337
1 3337
1 3337
1 2523
1 2523
1 2523
1 2523
1 2523
1 2523
1 3337
1 3337
1 3337
1 2523
1 2523
1 2523
1 2523
1 2523
1 3337
1 3337
1 3337
1 2523
1 2523
1 2523
1 2523
1 2523
1 2523
1 3337
1 3337
1 3337
1 3337
1 3337
1 3337
1 3337
1 2523
1 2523
1 2523
1 2523
1 2523
1 2523
1 2523
1 2523
1 2523
1 3337
1 3337
1 3337
1 3337
1 3337
1 3337
1 3337
1 3337
1 2523
1 2523
1 2523
1 2523
1 2523
1 2523
1 2523
1 2523
1 3337
1 3337
1 3337
1 3337
1 3337
1 3337
1 3337
1 3337
1 3337
1 2523
1 2523
1 2523
1 2523
1 2523
1 2523
1 2523
1 3337
1 3337
1 3337
1 3337
1 2523
1 2523
1 2523
1 3337
1 3337
1 3337
1 3337
1 3337
1 3337
1 2523
1 2523
1 2523
1 2523
1 2523
1 3337
1 3337
1 3337
1 3337
1 3337
1 2523
1 2523
1 2523
1 2523
1 2523
1 2523
1 2523
1 3337
1 3337
1 3337
1 3337
1 3337
1 3337
1 2523
1 2523
1 2523
1 2523
1 2523
1 2523
1 3337
1 3337
1 3337
1 3337
1 3337
1 3337
1 3337
1 3337
1 3337
1 2523
1 2523
1 2523
1 2523
1 2523
1 2523
1 2523
1 2523
1 2523
1 2523
1 2523
1 2523
1 3337
1 3337
1 3337
1 3337
1 3337
1 3337
1 3337
1 3337
1 2523
1 2523
1 2523
1 2523
1 2523
1 2523
1 2523
1 2523
1 2523
1 2523
1 2523
1 2523
1 2523
1 2523
1 2523
1 2523
1 2523
1 2523
1 2523
1 2523
1 2523
1 2523
1 2523
1 2523
1 2523
1 2523
1 2523
1 2523
1 2523
1 2523
1 2523
1 2523
1 2523
1 2523
1 2523
1 2523
1 2523
1 2523
1 2523
1 2523
1 2523
1 2523
1 2523
1 2523
1 2523
1 2523
1 2523
1 2523
1 2523
1 2523
1 2523
1 2523
1 2523
1 2523
1 2523
1 2523
1 2523
1 2523
1 2523
1 2523
1 2523
1 2523
1 2523
1 2523
1 2523
1 2523
1 2523
1 2523
1 3337
1 2523
1 2523
1 2523
1 2523
1 2523
1 2523
1 2523
1 2523
1 2523
1 2523
1 2523
1 2523
1 2523
1 2523
1 2523
1 3337
1 3337
1 2523
1 2523
1 2523
1 2523
1 2523
1 2523
1 2523
1 2523
1 3337
1 3337
1 3337
1 3337
1 3337
1 3337
1 3337
1 3337
1 3337
1 3337
1 3337
1 2523
1 2523
1 2523
1 2523
1 2523
1 2523
1 2523
1 2523
1 2523
1 3337
1 3337
1 3337
1 3337
1 3337
1 2523
1 2523
1 2523
1 3337
1 3337
1 3337
1 3337
1 3337
1 3337
1 2523
1 2523
1 2523
1 2523
1 2523
1 3337
1 3337
1 3337
1 3337
1 3337
1 3337
1 3337
1 3337
1 3337
1 3337
1 3337
1 3337
1 2523
1 2523
1 2523
1 2523
1 3337
1 3337
1 3337
1 3337
1 3337
1 3337
1 3337
1 3337
1 3337
1 2523
1 2523
1 3337
1 3337
1 3337
1 3337
1 3337
1 3337
1 3337
1 3337
1 3337
1 3337
1 3337
1 3337
1 3337
1 3337
1 3337
1 3337
1 2523
1 3337
1 3337
1 3337
1 3337
1 3337
1 3337
1 3337
1 3337
1 3337
1 3337
1 3337
1 3337
1 3337
1 3337
1 3337
1 2523
1 3337
1 3337
1 3337
1 3337
0 7778
1 3337
1 3337
0 7781
1 3337
1 3337
1 3337
1 3337
1 3337
1 3337
1 3337
1 3337
1 3337
1 3337
1 3337
1 3337
0 7794
1 3337
1 3337
1 3337
1 3337
1 3337
1 3337
1 3337
1 3337
1 3337
1 3337
1 3337
1 3337
1 3337
1 3337
1 3337
1 3337
1 3337
1 3337
1 3337
1 3337
1 3337
1 3337
1 3337
1 3337
1 3337
1 3337
1 3337
1 3337
1 3337
1 3337
1 3337
1 3337
1 3337
1 3337
1 3337
1 3337
1 3337
0 7832
1 3337
1 3337
1 3337
1 3337
1 3337
1 3337
1 3337
1 3337
1 3337
1 3337
0 7843
1 3337
1 3337
1 3337
1 3337
1 3337
1 3337
1 3337
1 3337
1 3337
1 3337
1 3337
1 3337
1 3337
1 3337
1 3337
1 3337
1 3337
1 3337
1 3337
1 3337
1 3337
1 3337
1 3337
1 3337
1 3337
1 3337
1 3337
1 3337
1 3337
1 3337
1 3337
1 3337
1 3337
1 3337
1 3337
1 3337
1 3337
1 3337
1 3337
1 3337
1 3337
1 3337
1 3337
1 3337
1 3337
1 3337
1 3337
1 3337
1 3337
1 3337
1 3337
1 3337
1 3337
1 3337
1 3337
1 3337
1 3337
1 3337
1 3337
1 3337
1 3337
1 3337
1 3337
1 3337
1 3337
1 3337
1 3435
1 3337
1 3337
1 3337
1 3337
1 3337
1 3337
1 3337
1 3337
1 3435
1 3337
1 3337
1 3337
1 3337
1 3337
1 3337
1 3337
1 3337
1 3337
1 3337
1 3337
1 3337
1 3337
1 3337
1 3337
1 3337
1 3337
1 3337
1 3337
1 3337
1 3337
1 3337
1 3337
1 3337
1 3337
1 3337
1 3337
1 3337
1 3337
1 3337
1 3337
0 7951
1 3337
1 3337
1 3337
1 3337
1 3337
1 3337
1 3337
1 3337
1 3337
1 3337
1 3337
0 7963
1 3337
1 3337
1 3337
1 3337
1 3337
1 3337
1 3337
1 3337
1 3337
1 3337
1 3337
1 3337
1 3337
1 3337
1 3337
1 3337
1 3337
1 3337
1 3337
1 3337
1 3337
1 3337
1 3337
1 3337
1 3337
1 3337
1 3337
1 3337
1 3337
1 3337
1 3337
1 3337
1 3337
1 3337
1 3337
1 3337
1 3337
1 3337
0 8002
1 3337
1 3337
1 3337
1 3337
1 3337
1 3337
1 3337
0 8010
1 3337
1 3337
1 3337
1 3337
1 3337
1 3337
1 3337
0 8018
1 3337
1 3337
1 3337
1 3337
1 3337
1 3337
1 3337
1 3337
1 3337
1 3337
1 3337
1 3337
1 3337
1 3337
1 3337
1 3337
1 3337
1 3337
1 3337
1 3337
1 3337
1 3337
1 3337
1 3337
1 3337
1 3337
1 3337
1 3337
1 3337
1 3337
1 3337
0 8050
1 3337
1 3337
1 3337
1 3337
1 3337
1 3337
1 3337
1 3337
1 3337
1 3337
1 3337
1 3337
1 3337
1 3337
1 3337
1 3337
1 3337
1 3337
1 3337
1 3337
1 3337
1 3337
1 3337
1 3337
1 3337
1 3435
1 3337
1 3337
1 3337
1 3435
1 3337
1 3435
1 3435
1 3435
1 3337
1 3435
1 3337
1 3435
1 3435
1 3337
1 3337
1 3337
1 3435
1 3337
1 3337
1 3435
1 3435
1 3435
1 3337
1 3337
1 3337
1 3337
1 3337
1 3337
1 3337
1 3337
1 3337
1 3337
1 3337
1 3337
1 3337
1 3337
1 3337
1 3337
1 3337
1 3337
1 3337
0 8118
1 3337
0 8120
0 8121
1 3337
1 3337
0 8124
1 3337
1 3337
1 3337
1 3337
1 3337
1 3337
1 3337
0 8132
1 3337
1 3337
1 3337
0 8136
1 3337
0 8138
1 3337
1 3337
1 3337
1 3337
1 3337
1 3337
1 3337
1 3337
1 3337
1 3337
1 3337
1 3337
1 3337
1 3337
1 3337
1 3337
1 3337
1 3337
1 3337
1 3337
1 3337
1 3337
1 3337
1 3337
1 3337
1 3337
1 3337
0 8166
1 3337
1 3337
0 8169
0 8170
1 3337
1 3337
1 3337
0 8174
1 3337
1 3337
0 8177
1 3337
1 3337
1 3337
1 3337
1 3337
1 3337
1 3337
1 8494
1 8494
0 8187
1 3337
1 3337
1 3337
0 8191
1 3337
0 8193
1 3337
1 3337
1 2523
1 2523
1 2523
1 2523
1 2523
1 2523
1 2523
1 2523
1 2523
1 2523
1 2523
1 2523
1 2523
1 2523
1 2523
1 2523
1 2523
1 2523
1 2523
1 2523
1 2523
1 2523
1 2523
1 2523
1 2523
1 2523
1 2523
1 2523
1 2523
1 3337
1 3337
1 2523
1 2523
1 2523
1 2523
1 2523
1 2523
1 2523
1 2523
1 2523
1 2523
1 3337
1 3337
1 3337
1 3337
1 3337
1 3337
1 2523
1 2523
1 2523
1 2523
1 2523
1 2523
1 2523
1 2523
1 2523
1 2523
1 3337
1 3337
1 3337
1 2523
1 2523
1 2523
1 2523
1 2523
1 2523
1 2523
1 2523
1 2523
1 2523
1 2523
1 2523
1 2523
1 3337
1 3337
1 3337
1 3337
1 3337
1 3337
1 3337
1 3337
1 3337
1 3337
1 3337
1 3337
1 3337
1 3337
1 3337
1 3337
1 2523
1 2523
1 2523
1 2523
1 2523
1 2523
1 3337
1 3337
1 3337
1 3337
1 3337
1 3337
1 3337
1 3337
1 3337
1 3337
1 2523
1 2523
1 2523
1 3337
1 3337
1 3337
1 3337
1 3337
1 3337
1 2523
1 2523
1 2523
1 3337
1 3337
1 3337
1 3337
1 3337
1 2523
1 3337
1 3337
1 3337
1 3337
1 3337
1 3337
1 3337
1 2523
1 3337
1 3337
1 3337
1 3337
1 3337
1 2523
1 3337
1 2523
1 3337
1 2523
1 3337
1 3337
1 3337
1 3337
1 3337
1 3337
1 3337
1 3337
1 3337
1 3337
1 3337
1 3337
1 3337
1 3337
1 3337
1 3337
1 3337
1 3337
1 3337
1 3337
1 3337
1 3337
1 3337
1 3337
0 8361
0 8362
1 3337
1 3337
1 3337
1 3337
1 3337
1 3337
0 8369
1 3337
1 3337
1 3337
1 3337
1 3337
1 3337
1 3337
1 3337
1 3337
1 3337
1 3337
1 3337
1 3337
1 3337
1 3337
1 3337
1 3337
1 3337
0 8388
1 3337
1 3337
1 3337
1 3337
0 8393
1 3337
1 3337
1 3337
1 3337
1 3337
1 3337
1 3337
1 3337
1 3337
1 3337
1 3337
1 3337
1 3337
1 3337
1 3337
1 2523
1 2523
1 2523
1 3337
1 3337
1 8414
1 2523
1 2523
1 8414
1 8414
1 2523
1 2523
1 8414
1 8414
1 2523
1 2523
1 2523
1 2523
1 2523
1 8414
1 8414
1 2523
1 2523
1 3337
1 8414
1 8414
1 8414
1 2523
1 8414
1 3337
1 3337
1 3337
1 3337
1 3337
1 3337
1 3337
1 3337
1 3337
1 3337
1 3337
1 3337
0 8450
1 3337
1 3337
1 3337
1 3337
1 3337
1 3337
1 3337
0 8458
1 3337
1 3337
1 3337
1 3337
1 3337
0 8464
0 8465
1 3337
1 3337
1 3337
1 3337
0 8470
1 3337
0 8472
1 3337
0 8474
1 3337
0 8476
0 8477
1 3337
1 3337
1 3337
0 8481
1 3337
1 3337
1 3337
0 8485
0 8486
0 8487
0 8488
0 8489
0 8490
0 8491
1 3337
1 3337
1 8494
1 8494
1 8494
1 8494
1 8494
1 8990
0 8500
1 3337
1 3337
1 3337
1 3337
1 3337
1 3337
1 3337
1 3337
1 3337
1 3337
1 3337
1 2523
1 2523
1 2523
1 3337
1 3337
1 3337
1 3337
1 3337
1 3337
1 3337
1 3337
1 3337
1 3337
1 3337
1 3337
1 3337
1 2523
1 2523
1 3337
1 3337
1 3337
1 3337
1 3337
1 3337
1 3337
1 3337
1 3337
1 3337
1 3337
1 2523
1 2523
1 2523
1 2523
1 3337
1 3337
1 3337
1 3337
1 3337
1 3337
1 3337
1 3337
1 3337
1 3337
1 3337
1 3337
1 3337
1 2523
1 2523
1 2523
1 3337
1 3337
1 3337
1 3337
1 3337
1 3337
1 3337
1 3337
1 3337
1 3337
1 3337
1 3337
1 2523
1 2523
1 2523
1 3337
1 3337
1 3337
1 3337
1 3337
1 3337
1 3337
1 3337
1 3337
1 3337
1 3337
1 3337
1 3337
1 2523
1 2523
1 2523
1 3337
1 3337
1 3337
1 3337
1 3337
1 3337
1 3337
1 3337
1 3337
1 3337
1 3337
1 2523
1 2523
1 2523
1 2523
1 2523
1 3337
1 3337
1 3337
1 3337
1 3337
1 3337
1 3337
1 3337
1 3337
1 2523
1 2523
1 2523
1 3337
1 3337
1 3337
1 3337
1 3337
1 3337
1 3337
1 3337
1 3337
1 2523
1 2523
1 3337
1 3337
1 3337
1 3337
1 3337
1 3337
1 3337
1 3337
1 3337
1 3337
1 2523
1 2523
1 2523
1 2523
1 3337
1 3337
1 3337
1 3337
1 2523
1 8650
1 8650
1 8650
1 3337
1 3337
1 3337
1 3337
1 3337
1 3337
1 3337
1 3337
1 3337
1 3337
1 3337
1 3337
1 2523
1 2523
1 3337
1 3337
1 3337
1 3337
1 2523
1 2523
1 2523
1 3337
1 3337
1 3337
1 3337
1 3337
1 3337
1 3337
1 3337
1 3337
1 2523
1 2523
1 2523
1 2523
1 3337
1 3337
1 2523
1 2523
1 2523
1 2523
1 3337
1 3337
1 3337
1 2523
1 2523
1 2523
1 2523
1 2523
1 3337
1 3337
1 3337
1 3337
1 3337
1 3337
1 3337
1 3337
1 2523
1 2523
1 2523
1 2523
1 2523
1 2523
1 2523
1 2523
1 2523
1 3337
1 3337
1 3337
1 3337
1 3337
1 3337
1 3337
1 3337
1 3337
1 3337
1 2523
1 2523
1 2523
1 2523
1 2523
1 2523
1 2523
1 2523
1 2523
1 3337
1 3337
1 3337
1 3337
1 3337
1 3337
1 3337
1 3337
1 3337
1 3337
1 3337
1 3337
1 3337
1 3337
1 3337
1 2523
1 2523
1 2523
1 2523
1 2523
1 2523
1 2523
1 3337
1 3337
1 3337
1 3337
1 3337
1 3337
1 3337
1 3337
1 3337
1 3337
1 3337
1 3337
1 3337
1 2523
1 2523
1 2523
1 2523
1 2523
1 2523
1 2523
1 3337
1 3337
1 3337
1 3337
1 3337
1 2523
1 2523
1 2523
1 2523
1 3337
1 3337
1 3337
1 3337
1 3337
1 3337
1 3337
1 3337
1 2523
1 2523
1 3337
1 3337
1 3337
1 3337
1 3337
1 2523
1 2523
1 3337
1 3337
1 2523
1 3337
1 3337
1 2523
1 3337
1 3337
1 3337
1 2523
1 3337
1 3337
1 3337
1 3337
1 3337
1 3337
1 3337
1 3337
1 3337
1 3337
1 3337
1 3337
1 3337
1 3337
1 3337
1 3337
1 3337
1 3337
1 3337
1 3337
1 3337
1 3337
1 3337
1 3337
1 3337
1 3337
1 3337
1 3337
1 3337
1 3337
1 3337
1 3337
1 3337
1 3337
1 3337
1 3337
1 3337
1 3337
1 3337
1 3337
1 3337
1 3337
1 3337
1 3337
1 3337
1 3337
1 3337
1 3337
1 3337
1 3337
1 3337
1 8866
1 8866
1 3337
1 8866
1 3337
1 3337
1 3337
1 3337
1 3337
1 3337
1 3337
1 3337
1 3337
1 3337
1 3337
1 3337
1 3337
1 3337
1 3337
1 3337
1 3337
0 8887
1 3337
1 3337
0 8890
1 3337
1 3337
0 8893
0 8894
1 3337
1 3337
1 3337
1 3337
1 3337
1 3337
1 2523
1 2523
1 3337
1 3337
1 3337
1 3337
1 3337
1 3337
1 3337
1 3337
1 3337
1 3337
1 3337
1 3337
1 2523
1 3337
1 3337
1 3337
1 2523
1 3337
1 3337
1 3337
1 2523
1 3337
1 3337
1 3337
1 2523
1 3337
1 3337
1 3337
1 3337
1 3337
1 3337
1 2523
1 3337
1 3337
0 8937
1 2523
1 2523
1 2523
1 2523
1 2523
1 2523
1 2523
1 2523
1 2523
1 2523
1 2523
1 2523
1 2523
0 8951
1 2523
1 2523
1 2523
1 2523
1 2523
1 2523
1 3337
1 3337
1 2523
1 3337
1 2523
1 2523
1 2523
1 2523
1 2523
1 2523
1 2523
1 2523
1 3337
1 3337
1 2523
1 3337
1 2523
1 2523
0 8976
1 3337
1 3337
1 3337
1 3337
1 2523
1 3337
1 3337
1 2523
0 8985
1 2523
1 3337
1 3337
1 3337
1 8990
1 8990
1 8990
1 8990
1 8990
1 3337
1 3337
1 2523
1 3337
1 3337
1 3337
1 3337
1 3337
1 3337
1 3337
1 3337
1 3337
1 3337
1 3337
1 3337
1 3337
1 3337
1 3337
1 3337
1 3337
1 3337
1 3337
1 3337
1 3337
1 3337
1 3337
1 3337
1 3337
1 3337
1 3337
1 3337
1 3337
1 3337
1 3337
1 3337
1 3337
1 2523
1 2523
1 2523
1 2523
1 2523
1 2523
1 2523
1 3337
1 3337
1 3337
1 3337
1 3337
1 3337
1 3337
1 3337
1 3337
1 3337
1 3337
1 3337
1 3337
1 3337
1 3337
1 3337
1 3337
1 3337
1 3337
1 3337
1 3337
1 3337
1 3337
1 3337
1 3337
1 3337
1 3337
1 3337
1 3337
1 3337
1 3337
1 3337
1 3337
1 2523
1 2523
1 2523
1 2523
1 2523
1 3337
1 3337
1 3337
1 3337
1 3337
1 3337
1 3337
1 3337
1 3337
1 3337
1 3337
1 3337
1 3337
1 3337
1 3337
1 3337
1 3337
1 3337
1 3337
1 3337
1 3337
1 3337
1 3337
1 3337
1 3337
1 3337
1 3337
1 3337
1 3337
1 3337
1 3337
1 3337
1 3337
1 3337
1 3337
1 3337
1 3337
1 3337
1 3337
1 2523
1 2523
1 2523
1 2523
1 2523
1 2523
1 2523
1 2523
1 3337
1 3337
1 3337
1 3337
1 3337
1 3337
1 3337
1 3337
1 3337
1 3337
1 3337
1 3337
1 3337
1 3337
1 3337
1 3337
1 3337
1 3337
1 3337
1 3337
1 2523
1 2523
1 2523
1 2523
1 3337
1 3337
1 3337
1 3337
1 3337
1 3337
1 3337
1 3337
1 3337
1 3337
1 3337
1 3337
1 3337
1 3337
1 3337
1 3337
1 3337
1 3337
1 3337
1 3337
1 3337
1 3337
1 3337
1 3337
1 3337
1 3337
1 3337
1 3337
1 3337
1 3337
1 3337
1 2523
1 2523
1 2523
1 2523
1 2523
1 2523
1 2523
1 3337
1 3337
1 3337
1 3337
1 3337
1 3337
1 3337
1 3337
1 3337
1 3337
1 3337
1 3337
1 3337
1 3337
1 3337
1 3337
1 3337
1 3337
1 3337
1 3337
1 3337
1 3337
1 3337
1 3337
1 3337
1 3337
1 2523
1 2523
1 2523
1 2523
1 2523
1 2523
1 2523
1 3337
1 3337
1 3337
1 3337
1 3337
1 3337
1 3337
1 3337
1 3337
1 3337
1 3337
1 2523
1 2523
1 2523
1 2523
1 2523
1 3337
1 3337
1 3337
1 3337
1 3337
1 3337
1 3337
1 3337
1 3337
1 3337
1 3337
1 2523
1 2523
1 2523
1 2523
1 2523
1 3337
1 2523
1 3337
1 3337
1 3337
1 3337
1 3337
1 3337
1 3337
1 3337
1 3337
1 8650
1 8650
1 8650
1 8650
1 8650
1 8650
1 8650
1 8650
1 3337
1 3337
1 3337
1 3337
1 3337
1 3337
1 3337
1 3337
1 3337
1 3337
1 3337
1 3337
1 3337
1 3337
1 3337
1 3337
1 3337
1 3337
1 3337
1 3337
1 3337
1 3337
1 3337
1 3337
1 3337
1 3337
1 3337
1 2523
1 2523
1 2523
1 3337
1 3337
1 3337
1 3337
1 2523
1 2523
1 3337
1 3337
1 3337
1 3337
1 2523
1 2523
1 2523
1 2523
1 2523
1 2523
1 2523
1 2523
1 2523
1 2523
1 2523
1 2523
1 2523
1 3337
1 3337
1 3337
1 3337
1 3337
1 3337
1 3337
1 2523
1 2523
1 2523
1 2523
1 2523
1 2523
1 2523
1 2523
1 2523
1 2523
1 2523
1 2523
1 2523
1 2523
1 2523
1 2523
1 3337
1 3337
1 3337
1 3337
1 2523
1 2523
1 2523
1 2523
1 2523
1 2523
1 2523
1 2523
1 2523
1 2523
1 2523
1 2523
1 2523
1 2523
1 3337
1 3337
1 3337
1 3337
1 3337
1 3337
1 3337
1 2523
1 2523
1 2523
1 2523
1 2523
1 2523
1 2523
1 2523
1 2523
1 2523
1 2523
1 2523
1 3337
1 3337
1 3337
1 3337
1 3337
1 3337
1 2523
1 2523
1 2523
1 2523
1 2523
1 2523
1 2523
1 2523
1 2523
1 2523
1 2523
1 2523
1 2523
1 2523
1 2523
1 2523
1 2523
1 2523
1 2523
1 2523
1 2523
1 3337
1 3337
1 3337
1 3337
1 2523
1 2523
1 2523
1 2523
1 2523
1 2523
1 2523
1 2523
1 2523
1 3337
1 3337
1 3337
1 3337
1 3337
1 3337
1 3337
1 2523
1 2523
1 2523
1 2523
1 3337
1 3337
1 3337
1 2523
1 2523
1 2523
1 2523
1 2523
1 3337
1 3337
1 3337
1 3337
1 3337
1 3337
1 2523
1 2523
1 2523
1 2523
1 2523
1 2523
1 2523
1 2523
1 2523
1 2523
1 2523
1 3337
1 3337
1 3337
1 3337
1 2523
1 2523
1 2523
1 2523
1 3337
1 3337
1 3337
1 2523
1 2523
1 2523
1 2523
1 2523
1 3337
1 3337
1 3337
1 3337
1 3337
1 3337
1 2523
1 2523
1 2523
1 2523
1 2523
1 2523
1 2523
1 2523
1 2523
1 2523
1 2523
1 3337
1 2523
1 2523
1 2523
1 2523
1 2523
1 2523
1 2523
1 2523
1 3337
1 2523
1 2523
1 2523
1 3337
1 3337
1 3337
1 2523
1 2523
1 3337
1 3337
1 3337
1 2523
1 2523
1 2523
1 2523
1 2523
1 2523
1 3337
1 3337
1 3337
1 3337
1 3337
1 2523
1 2523
1 2523
1 2523
1 2523
1 2523
1 2523
1 2523
1 2523
1 3337
1 3337
1 2523
1 2523
1 2523
1 2523
1 2523
1 3337
1 2523
1 2523
1 2523
1 2523
1 2523
1 2523
1 2523
1 2523
1 3337
1 3337
1 3337
1 3337
1 3337
1 2523
1 2523
1 2523
1 2523
1 3337
1 2523
1 2523
1 3337
1 2523
1 2523
1 2523
1 8866
1 8866
1 3337
1 3337
1 2523
1 2523
1 2523
1 3337
1 3337
1 2523
1 2523
1 2523
1 3337
1 3337
1 3337
1 2523
1 2523
1 2523
1 2523
1 2523
1 3337
1 3337
1 3337
1 3337
1 3337
1 2523
1 2523
1 2523
1 2523
1 3337
1 3337
1 3337
1 3337
1 3337
1 2523
1 2523
1 2523
1 2523
1 3337
1 3337
1 3337
1 3337
1 3337
1 3337
1 3337
1 3337
1 3337
1 2523
1 3337
1 3337
1 3337
1 3337
1 3337
1 3337
1 3337
1 3337
1 3337
1 3337
1 3337
1 3337
1 3337
1 3337
1 3337
1 3337
1 3337
1 3337
1 3337
1 3337
1 3337
1 3337
1 2523
0 9635
1 3337
1 3337
1 3337
1 3337
1 3337
1 3337
1 3337
1 3337
1 3337
1 3337
1 3337
1 3337
1 3337
1 3337
1 3337
1 3337
1 3337
1 3337
1 3337
1 3337
1 3337
1 3337
1 3337
1 3337
1 3337
1 3337
1 3337
1 2523
1 2523
0 9665
1 3337
1 3337
1 3337
1 3337
1 3337
1 3337
1 3337
1 3337
1 2523
1 2523
1 2523
1 2523
0 9678
0 9679
1 3337
1 3337
1 2523
1 3337
1 3337
1 3337
1 3337
1 2523
1 2523
1 3337
1 3337
1 3337
1 3337
1 3337
1 3337
1 3337
1 2523
1 2523
1 2523
1 3337
1 3337
1 3337
1 3337
1 2523
1 2523
1 2523
1 2523
1 2523
1 2523
1 3337
1 3337
1 3337
1 3337
1 3337
1 2523
1 2523
1 2523
1 3337
1 3337
1 3337
1 2523
1 2523
1 3337
1 3337
1 2523
1 2523
1 2523
1 2523
1 3337
1 3337
1 2523
1 2523
1 2523
1 2523
1 2523
1 2523
1 2523
1 2523
1 2523
1 3337
1 3337
1 2523
1 2523
1 2523
1 3337
1 3337
1 3337
1 3337
1 3337
1 3337
1 2523
1 2523
1 2523
1 2523
1 2523
1 3337
1 3337
1 3337
1 3337
1 2523
1 2523
1 2523
1 2523
1 3337
1 3337
1 3337
1 3337
1 2523
1 2523
1 2523
1 3337
1 3337
1 3337
1 2523
1 2523
1 3337
1 3337
1 3337
1 3337
1 3337
1 3337
1 2523
1 2523
1 2523
1 2523
1 2523
1 3337
1 3337
1 3337
1 2523
1 2523
1 2523
1 2523
1 2523
1 2523
1 2523
1 3337
1 2523
1 2523
1 2523
1 2523
1 2523
1 2523
1 2523
1 2523
1 2523
1 2523
1 3337
1 3337
1 3337
1 3337
1 3337
1 3337
1 3337
1 3337
1 2523
1 2523
1 2523
1 2523
1 3337
1 3337
1 3337
1 2523
1 2523
1 2523
1 2523
1 2523
1 2523
1 2523
1 2523
1 2523
1 2523
1 3337
1 3337
1 3337
1 3337
1 3337
1 2523
1 2523
1 2523
1 2523
1 2523
1 2523
1 2523
1 2523
1 2523
1 2523
1 2523
1 3337
1 3337
1 3337
1 3337
1 3337
1 3337
1 3337
1 3337
1 3337
1 2523
1 2523
1 2523
1 2523
1 3337
1 3337
1 3337
1 3337
1 3337
1 3337
1 2523
1 2523
1 2523
1 3337
1 3337
1 3337
1 3337
1 3337
1 3337
1 3337
1 3337
1 3337
1 3337
1 3337
1 2523
1 2523
1 2523
1 2523
1 2523
1 2523
1 3337
1 3337
1 3337
1 3337
1 3337
1 3337
1 3337
1 3337
1 3337
1 3337
1 2523
1 2523
1 2523
1 2523
1 2523
1 2523
1 3337
1 3337
1 3337
1 3337
1 3337
1 3337
1 3337
1 2523
1 2523
1 2523
1 2523
1 3337
1 3337
1 3337
1 3337
1 3337
1 3337
1 3337
1 3337
1 2523
1 2523
1 2523
1 2523
1 2523
1 3337
1 3337
1 3337
1 2523
1 2523
1 2523
1 2523
1 2523
1 2523
1 2523
1 2523
1 2523
1 2523
1 2523
1 2523
1 3337
1 3337
1 2523
1 2523
1 2523
1 2523
1 2523
1 2523
1 2523
1 3337
1 3337
1 3337
1 2523
1 2523
1 2523
1 3337
1 2523
1 2523
1 2523
1 2523
1 2523
1 2523
1 2523
1 2523
1 2523
1 2523
1 3337
1 2523
1 2523
1 2523
1 2523
1 2523
1 2523
1 2523
1 2523
1 2523
1 3337
1 3337
1 3337
1 3337
1 2523
1 2523
1 3337
1 2523
1 2523
1 2523
1 2523
1 2523
1 2523
1 2523
1 2523
1 2523
1 3337
1 3337
1 3337
1 2523
1 2523
1 2523
1 2523
1 2523
1 2523
1 3337
1 3337
1 2523
1 2523
1 2523
1 2523
1 2523
1 2523
1 3337
1 3337
1 2523
1 2523
1 2523
1 2523
1 2523
1 2523
1 2523
1 2523
1 2523
1 2523
1 2523
1 2523
1 2523
1 2523
1 2523
1 2523
1 3337
1 2523
1 2523
1 3337
1 2523
1 2523
1 2523
1 2523
1 3337
1 3337
1 2523
1 2523
1 2523
1 2523
1 2523
1 2523
1 2523
1 2523
1 2523
1 3337
1 3337
1 2523
1 2523
1 2523
1 2523
1 2523
1 2523
1 3337
1 2523
1 2523
1 2523
1 2523
1 2523
1 2523
1 3337
1 2523
1 2523
1 2523
1 2523
1 2523
1 2523
1 2523
1 2523
1 3337
1 3337
1 3337
1 2523
1 2523
1 2523
1 2523
1 2523
1 3337
1 2523
1 2523
1 2523
1 2523
1 2523
1 2523
1 2523
1 3337
1 3337
1 3337
1 2523
1 2523
1 2523
1 2523
1 2523
1 2523
1 2523
1 2523
1 3337
1 3337
1 2523
1 2523
1 2523
1 3337
1 3337
1 2523
1 2523
1 2523
1 2523
1 3337
1 3337
1 2523
1 2523
1 2523
1 3337
1 2523
1 2523
1 2523
1 2523
1 2523
1 2523
1 2523
1 2523
1 2523
1 2523
1 2523
1 2523
1 2523
1 2523
1 2523
1 2523
1 2523
1 2523
1 2523
1 3337
1 2523
1 2523
1 2523
1 2523
1 2523
1 2523
1 2523
1 2523
1 3337
1 3337
1 2523
1 2523
1 2523
1 2523
1 2523
1 2523
1 2523
1 2523
1 3337
1 3337
0 10156
1 2523
1 2523
1 2523
1 2523
1 2523
1 2523
1 3337
1 3337
1 2523
1 2523
1 2523
1 2523
1 2523
1 2523
1 2523
1 2523
1 2523
1 2523
1 3337
1 3337
1 2523
1 2523
1 2523
1 2523
1 2523
1 2523
1 2523
1 3337
1 3337
1 2523
1 2523
1 2523
1 2523
1 2523
1 2523
1 2523
1 2523
1 2523
1 2523
1 2523
1 2523
1 2523
1 2523
1 2523
1 3337
1 3337
1 2523
1 2523
1 2523
1 2523
1 2523
1 2523
1 2523
1 2523
1 2523
1 2523
1 2523
1 3337
1 2523
1 2523
1 2523
1 2523
1 2523
1 2523
1 2523
1 2523
1 2523
1 2523
1 2523
1 2523
1 2523
1 2523
1 2523
1 2523
1 3337
1 3337
1 2523
1 2523
1 2523
1 2523
1 2523
1 2523
1 2523
1 3337
1 3337
1 3337
1 3337
1 2523
1 2523
1 2523
1 3337
1 3337
1 3337
1 3337
1 3337
1 2523
1 2523
1 3337
1 3337
1 3337
1 3337
1 3337
1 3337
1 2523
1 2523
1 2523
1 2523
1 2523
1 2523
1 3337
1 3337
1 3337
1 2523
1 2523
1 3337
1 3337
1 3337
1 2523
1 2523
1 2523
1 2523
1 2523
1 2523
1 2523
1 2523
1 2523
1 2523
1 3337
1 3337
1 3337
1 3337
1 2523
1 2523
1 2523
1 3337
1 3337
1 3337
1 2523
1 2523
1 3337
1 3337
1 2523
1 2523
1 2523
1 2523
1 2523
1 2523
1 2523
1 2523
1 2523
1 3337
1 3337
1 3337
1 3337
1 3337
1 2523
1 2523
1 2523
1 2523
1 2523
1 3337
1 3337
1 3337
1 2523
1 2523
1 2523
1 2523
1 3337
1 3337
1 3337
1 3337
1 3337
1 2523
1 2523
1 3337
1 3337
1 3337
1 2523
1 2523
1 2523
1 3337
1 3337
1 2523
1 2523
1 3337
1 2523
1 2523
1 2523
1 2523
1 2523
1 2523
1 3337
1 2523
1 2523
1 2523
1 2523
1 2523
1 3337
1 3337
1 3337
1 3337
1 3337
1 3337
1 3337
1 3337
1 3337
1 3337
1 3337
1 3337
1 3337
1 3337
1 3337
1 3337
1 3337
1 3337
1 3337
1 3337
1 3337
1 3337
1 3337
1 3337
1 3337
1 3337
1 3337
1 3337
1 3337
1 3337
1 3337
1 3337
1 3337
1 3337
1 3337
1 3337
1 3337
1 3337
1 3337
1 3337
1 3337
1 3337
1 3337
1 3337
1 3337
1 3337
1 3337
1 3337
1 3337
1 3337
1 3337
1 3337
1 3337
1 3337
1 3337
1 3337
1 3337
1 3337
1 3337
1 3337
1 3337
1 3337
1 3337
1 3337
1 3337
1 3337
1 3337
1 3337
1 3337
1 3337
1 3337
1 3337
1 3337
1 3337
1 3337
1 3337
1 3337
1 3337
1 3337
1 3337
1 3337
1 3337
1 3337
1 3337
1 3337
1 3337
1 3337
1 3337
1 3337
1 3337
1 3337
1 3337
1 3337
1 3337
1 3337
1 3337
1 3337
1 3337
1 3337
1 2523
1 2523
1 3337
1 3337
1 3337
1 3337
1 3337
1 3337
1 3337
1 3337
1 3337
1 3337
1 3337
1 3337
1 3337
1 3337
1 3337
1 3337
1 3337
1 3337
1 3337
1 3337
1 3337
1 3337
1 3337
1 3337
1 3337
1 3337
1 3337
1 3337
1 3337
1 3337
1 3337
1 2523
1 2523
1 2523
1 3337
1 3337
1 3337
1 3337
1 3337
1 3337
1 3337
1 3337
1 3337
1 3337
1 3337
1 3337
1 3337
1 3337
1 3337
1 3337
1 3337
1 3337
1 3337
1 3337
1 3337
1 3337
1 3337
1 3337
1 3337
1 2523
1 2523
1 2523
1 2523
1 2523
1 3337
1 3337
1 3337
1 3337
1 3337
1 3337
1 3337
1 3337
1 3337
1 3337
1 3337
1 3337
1 3337
1 3337
1 3337
1 3337
1 3337
1 3337
1 3337
1 3337
1 3337
1 3337
1 3337
1 3337
1 3337
1 3337
1 3337
1 3337
1 3337
1 3337
1 3337
1 3337
1 3337
1 3337
1 3337
1 3337
1 3337
1 3337
1 3337
1 3337
1 2523
1 2523
1 2523
1 2523
1 2523
1 3337
1 3337
1 3337
1 3337
1 3337
1 3337
1 3337
1 3337
1 3337
1 3337
1 3337
1 3337
1 3337
1 3337
1 3337
1 3337
1 3337
1 3337
1 3337
1 3337
1 3337
1 3337
1 3337
1 3337
1 3337
1 3337
1 3337
1 3337
1 3337
1 3337
1 3337
1 3337
1 3337
1 3337
1 2523
1 2523
1 2523
1 2523
1 2523
1 3337
1 3337
1 3337
1 3337
1 3337
1 3337
1 3337
1 3337
1 3337
1 3337
1 3337
1 3337
1 3337
1 3337
1 3337
1 3337
1 3337
1 3337
1 3337
1 3337
1 3337
1 3337
1 3337
1 3337
1 3337
1 3337
1 3337
1 3337
1 3337
1 3337
1 3337
1 3337
1 2523
1 2523
1 2523
1 2523
1 2523
1 3337
1 3337
1 3337
1 3337
1 3337
1 3337
1 3337
1 3337
1 3337
1 3337
1 3337
1 3337
1 3337
1 3337
1 3337
1 3337
1 3337
1 3337
1 3337
1 3337
1 3337
1 3337
1 3337
1 3337
1 3337
1 3337
1 3337
1 3337
1 3337
1 3337
1 3337
1 3337
1 3337
1 3337
1 3337
1 3337
1 3337
1 3337
1 2523
1 2523
1 2523
1 3337
1 3337
1 3337
1 3337
1 3337
1 3337
1 3337
1 3337
1 3337
1 3337
1 3337
1 3337
1 3337
1 3337
1 3337
1 3337
1 3337
1 3337
1 3337
1 3337
1 3337
1 3337
1 3337
1 3337
1 3337
1 3337
1 3337
1 3337
1 3337
1 3337
1 3337
1 3337
1 3337
1 3337
1 3337
1 3337
1 3337
1 3337
1 3337
1 3337
1 3337
1 3337
1 3337
1 3337
1 3337
1 3337
1 3337
1 3337
1 3337
1 2523
1 2523
1 2523
1 2523
1 2523
1 2523
1 2523
1 2523
1 3337
1 3337
1 3337
1 3337
1 3337
1 3337
1 3337
1 3337
1 3337
1 3337
1 3337
1 3337
1 3337
1 3337
1 3337
1 3337
1 3337
1 3337
1 3337
1 2523
1 2523
1 2523
1 3337
1 3337
1 3337
1 3337
1 3337
1 3337
1 3337
1 3337
1 3337
1 3337
1 3337
1 3337
1 3337
1 3337
1 3337
1 3337
1 3337
1 3337
1 3337
1 3337
1 3337
1 3337
1 3337
1 3337
1 3337
1 3337
1 3337
1 3337
1 3337
1 3337
1 3337
1 3337
1 3337
1 3337
1 3337
1 3337
1 3337
1 3337
1 3337
1 3337
1 3337
1 3337
1 3337
1 3337
1 3337
1 3337
1 3337
1 3337
1 3337
1 3337
1 3337
1 3337
1 3337
1 3337
1 3337
1 3337
1 3337
1 3337
1 3337
1 3337
1 2523
1 2523
1 2523
1 2523
1 2523
1 3337
1 3337
1 3337
1 3337
1 3337
1 3337
1 3337
1 3337
1 3337
1 3337
1 3337
1 2523
1 2523
1 2523
1 2523
1 2523
1 2523
1 3337
1 3337
1 3337
1 3337
1 3337
1 3337
1 3337
1 3337
1 3337
1 3337
1 3337
1 2523
1 2523
1 2523
1 2523
1 2523
1 2523
1 3337
1 3337
1 3337
1 3337
1 3337
1 3337
1 3337
1 3337
1 3337
1 3337
1 3337
1 2523
1 2523
1 2523
1 2523
1 2523
1 2523
1 2523
1 3337
1 2523
1 2523
1 2523
1 2523
1 2523
1 2523
1 2523
1 2523
1 2523
1 2523
1 2523
1 2523
1 2523
1 2523
1 2523
1 2523
1 3337
1 2523
1 2523
1 2523
1 2523
1 2523
1 2523
1 2523
1 2523
1 3337
1 2523
1 3337
1 3337
1 3337
1 3337
1 2523
1 2523
1 2523
1 2523
1 2523
1 3337
1 3337
1 3337
1 2523
1 2523
1 2523
1 2523
1 2523
1 3337
1 3337
1 3337
1 2523
1 2523
1 2523
1 3337
1 3337
1 3337
1 2523
1 2523
1 2523
1 2523
1 2523
1 2523
1 3337
1 3337
1 3337
1 3337
1 3337
1 3337
1 3337
1 3337
1 2523
1 2523
1 2523
1 2523
1 3337
1 3337
1 3337
1 3337
1 2523
1 2523
1 2523
1 2523
1 2523
1 3337
1 3337
1 3337
1 3337
1 3337
1 3337
1 3337
1 3337
1 3337
1 2523
1 2523
1 2523
1 2523
1 2523
1 3337
1 3337
1 3337
1 3337
1 3337
1 2523
1 2523
1 2523
1 2523
1 2523
1 2523
1 2523
1 3337
1 2523
1 2523
1 2523
1 3337
1 2523
1 2523
1 2523
1 2523
1 2523
1 2523
1 2523
1 3337
1 3337
1 3337
1 3337
1 2523
1 2523
1 2523
1 2523
1 2523
1 2523
1 2523
1 2523
1 2523
1 2523
1 2523
1 2523
1 2523
1 2523
1 2523
1 2523
1 2523
1 2523
1 2523
1 2523
1 2523
1 2523
1 2523
1 2523
1 2523
1 2523
1 2523
1 2523
1 2523
1 2523
1 2523
1 2523
1 2523
1 2523
1 2523
1 2523
1 2523
1 2523
1 2523
1 2523
1 2523
1 2523
1 2523
1 2523
1 2523
1 2523
1 2523
1 2523
1 2523
1 2523
1 2523
1 2523
1 2523
1 2523
1 2523
1 2523
1 2523
1 2523
1 2523
1 2523
1 2523
1 2523
1 2523
1 2523
1 2523
1 2523
1 2523
1 2523
1 2523
1 2523
1 2523
1 2523
1 2523
1 2523
1 2523
1 2523
1 2523
1 2523
1 2523
1 2523
1 2523
1 2523
1 2523
1 2523
1 2523
1 2523
1 2523
1 2523
1 2523
1 2523
1 2523
1 2523
1 2523
1 2523
1 2523
1 2523
1 2523
1 2523
1 2523
1 2523
1 2523
1 2523
1 2523
1 2523
1 2523
1 2523
1 2523
1 2523
1 2523
1 2523
1 2523
1 2523
1 2523
1 2523
1 2523
1 2523
1 2523
1 2523
1 2523
1 2523
1 2523
1 2523
1 2523
1 2523
1 2523
1 2523
1 2523
1 2523
1 2523
1 2523
1 2523
1 2523
1 2523
1 2523
1 2523
1 2523
1 2523
1 2523
1 2523
1 3337
1 2523
1 2523
1 2523
1 2523
1 2523
1 2523
1 3337
1 3337
1 3337
1 3337
1 3337
1 3337
1 3337
1 3337
1 3337
1 3337
1 3337
1 3337
1 3337
1 3337
1 3337
1 3337
1 3337
1 3337
1 3337
1 3337
1 3337
1 3337
1 3337
1 3337
1 3337
0 11171
0 11172
1 3337
1 3337
1 3337
1 3337
1 3337
1 3337
1 3337
1 3337
1 3337
1 2523
1 3337
1 3337
1 3337
1 3337
1 2523
1 3337
1 3337
1 3337
1 3337
1 3337
1 3337
1 3337
1 3337
1 3337
1 3337
1 3337
1 3337
1 3337
1 3337
1 3337
1 3337
1 3337
1 3337
1 3337
1 3337
1 3337
0 11209
0 11210
1 3337
1 3337
1 3337
1 3337
1 3337
1 3337
1 3337
1 3337
1 3337
1 3337
1 3337
1 3337
0 11223
0 11224
1 3337
1 3337
1 3337
1 3337
1 3337
1 3337
1 3337
1 3337
1 3337
1 3337
1 3337
1 3337
1 3337
1 3337
1 3337
1 3337
1 3337
1 3337
1 3337
1 3337
1 3337
1 3337
1 3337
1 3337
1 3337
1 3337
1 3337
1 3337
1 3337
1 3337
1 3337
1 3337
1 3337
1 3337
1 3337
1 3337
1 3337
1 3337
1 3337
