77
-81.3473434 85.6003571 -721.2108765
-81.6835251 57.3632851 -721.2108765
-78.6863632 32.7345352 -721.2108765
-69.5017700 6.8519893 -721.2108765
-56.9516449 -18.0473976 -721.2108765
-39.6587143 -37.6977844 -721.2108765
-17.9042511 -52.484993 -721.2108765
7.8741155 -59.4855347 -721.2108765
32.6779785 -50.3363533 -721.2108765
52.2047806 -32.2042923 -721.2108765
65.2354279 -8.8635836 -721.2108765
72.0195084 16.7705879 -721.2108765
78.5956802 43.1582832 -721.2108765
79.7051315 67.58564 -721.2108765
76.6053467 93.6872711 -721.2108765
56.2329025 76.5929565 -641.3930664
44.8700294 85.2574844 -634.0452271
27.8452682 80.6763916 -626.3301392
16.0844841 71.3561859 -627.3210449
30.3310623 75.1123657 -629.0920410
44.8828812 75.7288132 -634.210022
-59.0010986 72.3969879 -646.9958496
-47.1821938 81.9252777 -635.9354858
-28.7060165 79.3880310 -625.4644775
-15.7758589 70.0741348 -626.4187622
-30.0634346 71.5508881 -629.0139160
-47.1484642 72.3014145 -635.5413208
-49.0301247 55.1037369 -644.2687378
-31.5645828 59.1003304 -635.1622314
-17.3608589 55.9481964 -640.062439
-31.8488121 51.169487 -640.6110229
51.5800743 61.1125565 -643.6317139
36.6503754 64.0128403 -636.3847046
22.4434509 57.2857971 -641.4901733
38.2095909 54.9761887 -642.7007446
-7.6742601 54.4690094 -636.9043579
-10.0191145 35.1509972 -634.5100098
-19.7328072 18.569088 -639.3051147
-12.3547039 10.0323076 -632.5386353
5.4803762 7.6026773 -628.4398193
22.2180405 11.2632999 -634.0820923
25.9923897 18.5781097 -639.2830200
16.2679920 37.5764122 -635.0834351
12.7035809 55.6524429 -636.703125
-7.5078945 14.6514282 -626.6669312
14.8919439 15.8246326 -626.1102295
-22.3152542 -12.8147755 -644.2245483
-16.0846939 -9.0935497 -638.2688599
-5.2005515 -4.2517614 -632.0971069
4.3081112 -6.6053143 -629.8286133
13.8402109 -5.4355288 -632.4755859
23.5692329 -6.6823068 -638.5300293
32.3535423 -11.6214237 -646.4243164
25.0511322 -17.6989632 -646.258606
16.3848190 -24.7453842 -639.4865723
5.5419216 -27.0640469 -637.2318115
-6.4979248 -24.8038521 -640.7103882
-16.308075 -20.1526184 -646.34021
-10.0749950 -16.3007164 -638.2768555
4.3220053 -17.3539391 -632.8387451
19.9684486 -13.8955841 -638.6171265
18.7075233 -11.454752 -636.3675537
4.3106470 -13.7211094 -630.0089111
-11.2271643 -12.6529331 -635.9017944
4.2540302 22.5894489 -618.0491333
-41.3368607 56.9793091 -638.1548462
-40.4246292 51.331234 -642.6088867
-23.4382744 52.4442139 -641.4239502
-24.4726028 59.2905197 -637.1621704
28.3436623 62.9954147 -638.2094727
29.7629013 55.0175476 -643.1751099
45.5320663 57.4903831 -643.7360229
45.1152267 64.1353836 -637.5877686
-30.5647469 55.8535652 -639.015564
35.7097015 59.6769142 -641.2196655
91.2473907 82.0233078 -732.4127808
-93.0145721 73.1540604 -724.0758057
