-21.258362 12.946431 105.408683
15.283731 7.844405 106.645753
-96.826399 -9.963764 -16.115476
92.742736 -18.722399 5.553853
-3.142015 -45.708430 116.146495
25
-3.142015 -45.708430 116.146495
-21.258362 12.946431 105.408683
49.832129 10.244381 101.179248
15.283731 7.844405 106.645753
18.387995 -35.267716 107.614876
-18.500016 -74.798414 109.989739
13.107145 -77.858641 110.492307
-1.640461 -65.471835 -48.148278
-14.666676 141.064080 43.157851
12.042153 135.501227 32.745411
-76.638861 -63.173270 30.883425
32.424202 -103.820193 39.266073
-60.331992 138.143977 12.501417
89.377303 100.058789 1.903610
92.742736 -18.722399 5.553853
75.090970 119.849721 -0.097294
98.723244 80.019209 -15.228597
-96.826399 -9.963764 -16.115476
99.808963 58.070099 -25.390744
72.636598 -69.192586 -6.417310
97.966828 29.752528 -31.105954
62.933713 -133.030445 -81.198706
139.494684 -144.456752 -114.304303
-143.757755 -143.269985 -111.753293
-130.792687 -127.173462 -128.062882
1 0
1 0
0 2
1 5
0 4
1 5
1 5
1 7
1 5
1 5
1 7
1 11
1 5
1 7
1 11
1 11
1 5
1 5
1 11
1 11
1 11
1 11
1 11
1 11
1 11
1 5
1 11
1 11
1 11
1 11
1 11
1 11
1 11
1 11
1 11
1 11
1 5
1 11
1 11
1 5
1 11
1 11
1 11
1 11
0 44
0 45
0 46
0 47
0 48
0 49
1 50
1 50
0 52
1 50
1 50
1 50
1 50
1 50
1 50
1 50
1 50
1 50
1 50
1 50
1 50
1 0
1 50
1 50
1 50
1 0
1 0
1 0
1 0
1 0
1 0
1 0
1 0
1 0
1 50
1 0
1 0
1 0
1 0
1 0
1 0
1 0
1 0
1 0
1 0
1 0
1 0
1 0
1 0
1 0
1 0
1 0
1 0
1 0
1 0
1 0
1 0
1 0
1 0
1 0
1 0
1 0
1 0
1 0
1 0
1 0
1 0
1 0
1 0
1 0
1 0
1 0
1 0
1 0
1 118
1 118
1 118
1 118
1 122
1 122
1 122
1 118
1 118
1 118
1 118
1 118
1 118
1 118
1 118
1 122
1 122
1 122
1 122
1 122
0 138
1 122
0 140
0 141
0 142
1 5
1 7
1 5
1 5
1 5
1 7
1 5
1 5
1 7
1 7
1 7
1 7
1 7
1 5
1 7
1 7
0 159
0 160
0 161
0 162
1 118
1 122
1 165
1 165
1 165
1 165
1 165
1 165
1 165
1 165
1 165
1 165
1 165
1 165
1 165
1 165
1 165
1 165
1 165
1 165
1 165
1 165
1 165
1 165
1 165
1 165
1 165
1 165
1 165
1 165
1 165
1 165
1 165
1 165
1 165
1 165
1 165
1 165
1 165
1 165
1 165
1 165
1 165
1 165
1 165
1 165
1 165
1 165
1 165
1 165
1 165
1 165
1 165
1 165
1 165
1 165
1 165
1 165
1 165
1 165
1 165
1 165
1 165
1 165
1 165
1 165
1 165
1 165
1 165
1 165
1 165
1 165
1 165
1 165
1 165
1 165
1 165
1 165
1 165
1 165
1 165
1 165
1 165
1 165
1 165
1 165
1 165
1 165
1 165
1 165
1 165
1 165
1 165
1 165
1 165
1 165
1 165
1 165
1 165
1 165
1 165
1 165
1 165
1 165
1 165
1 165
1 165
1 165
1 165
1 165
1 165
1 165
1 165
1 165
1 165
1 165
1 165
1 165
1 165
0 282
0 283
0 284
1 165
1 165
1 165
1 165
1 165
1 165
1 165
1 165
1 165
1 165
1 165
1 165
1 165
1 165
1 165
1 165
1 165
1 165
1 165
1 165
1 165
1 165
1 165
1 165
1 165
1 165
1 165
1 165
1 165
1 165
1 165
1 165
1 165
1 165
1 165
1 165
1 165
1 165
1 165
1 165
1 165
1 165
1 165
1 165
1 165
1 165
1 165
1 165
1 165
1 165
1 165
1 165
1 165
1 165
1 165
1 165
1 165
1 165
1 165
1 165
1 165
1 165
1 165
1 165
1 165
1 165
1 165
1 165
1 165
1 165
1 165
1 165
1 165
1 165
1 165
1 165
1 165
1 165
1 165
1 165
1 165
1 165
1 165
1 165
1 165
1 165
1 165
1 165
1 165
1 165
1 165
1 165
1 165
1 165
1 165
1 165
1 165
1 165
1 165
1 165
1 165
1 165
1 165
1 165
1 165
1 165
1 165
1 165
1 165
1 165
1 165
1 165
1 165
1 165
1 165
1 165
1 165
1 165
1 165
1 165
1 165
1 165
1 165
1 165
1 165
1 165
1 165
1 165
1 165
1 165
1 165
1 165
1 165
1 165
1 165
1 165
1 165
1 165
1 165
1 165
1 165
1 165
1 165
1 165
1 165
1 165
1 165
1 165
1 165
1 165
1 165
1 165
1 165
1 165
1 165
1 165
1 165
1 165
1 165
1 165
1 165
1 165
1 165
1 165
1 165
1 165
1 165
1 165
1 165
1 165
1 165
1 165
1 165
1 165
1 165
1 165
1 165
1 165
1 165
1 165
1 165
1 165
1 165
1 165
1 165
1 165
1 165
1 165
1 165
1 165
1 165
1 165
1 165
1 165
1 165
1 165
1 165
1 165
1 165
1 165
1 165
1 165
1 165
1 165
1 165
1 165
1 165
1 165
1 165
1 165
1 165
1 165
1 165
1 165
1 165
1 165
1 165
1 165
1 165
1 165
1 165
1 165
1 165
1 165
1 165
1 165
1 165
1 165
1 165
1 165
1 165
1 165
1 165
1 165
1 165
1 165
1 165
1 165
1 165
1 165
1 165
1 165
1 165
1 165
1 165
1 165
1 165
1 165
1 165
1 165
1 165
1 165
1 165
1 165
1 165
1 165
1 165
1 165
1 165
1 165
1 165
1 165
1 165
1 165
1 165
1 165
1 165
1 165
1 165
1 165
1 165
1 165
1 165
1 165
1 165
1 165
1 165
1 165
1 165
1 165
1 165
1 165
1 165
1 165
1 165
1 165
1 165
1 165
1 165
1 165
1 165
1 165
1 579
0 578
1 579
1 579
0 581
1 579
0 583
0 584
0 585
0 586
0 587
0 588
0 589
0 590
0 591
0 592
0 593
0 594
0 595
0 596
1 165
1 165
1 165
1 165
1 165
1 165
1 165
1 165
1 165
1 165
1 165
1 165
1 165
1 165
1 165
1 165
1 165
1 165
1 165
1 165
1 165
1 165
1 165
1 165
1 165
1 165
1 165
1 165
1 165
1 165
1 165
1 165
1 165
1 165
1 165
1 165
1 165
1 165
1 165
1 165
1 165
1 165
1 165
1 165
1 165
1 165
1 165
1 165
1 165
1 165
1 165
1 165
1 165
1 165
1 165
1 165
1 165
1 165
1 165
1 165
1 165
1 165
1 165
1 165
1 165
1 165
1 165
1 165
1 165
1 165
1 165
1 165
1 165
1 165
1 165
1 165
1 165
1 165
1 165
1 165
1 165
1 165
1 165
1 165
1 165
1 165
1 165
1 165
1 165
1 165
1 165
1 165
1 165
1 165
1 165
1 165
1 165
1 165
1 165
1 165
1 165
1 165
1 165
1 165
1 165
1 165
1 165
1 165
1 165
1 165
1 165
1 165
1 165
1 165
1 165
1 165
1 165
1 165
1 165
1 165
1 165
1 165
1 165
1 165
1 165
1 165
1 165
1 165
1 165
1 165
1 165
1 165
1 165
1 165
1 165
1 165
1 165
1 165
1 165
1 165
1 165
1 165
1 165
1 165
1 165
1 165
1 165
1 165
1 165
1 165
1 165
1 165
1 165
1 165
1 165
1 165
1 165
1 165
1 165
1 165
1 165
1 165
1 165
1 165
1 165
1 165
1 165
1 165
1 165
1 165
1 165
1 165
1 165
1 165
1 165
1 165
1 165
1 165
1 165
1 165
1 165
1 165
1 165
1 165
1 165
1 165
1 165
1 165
1 165
1 165
1 165
1 165
1 165
1 165
1 165
1 165
1 165
1 165
1 165
1 165
1 165
1 165
1 165
1 165
1 165
1 165
1 165
1 165
1 165
1 165
1 165
1 165
1 165
1 165
1 165
1 165
1 165
1 165
1 165
1 165
1 165
1 165
1 165
1 165
1 165
1 165
1 165
1 165
1 165
1 165
1 165
1 165
1 165
1 165
1 165
1 165
1 165
1 165
1 165
1 165
1 165
1 165
1 165
1 165
1 165
1 165
1 165
1 165
1 165
1 165
1 165
1 165
1 165
1 165
1 165
1 165
1 165
1 165
1 165
1 165
1 165
1 165
1 165
1 165
1 165
1 165
0 863
0 864
0 865
0 866
1 579
1 579
1 579
1 579
1 579
1 579
0 873
1 579
1 579
0 876
0 877
0 878
0 879
0 880
1 579
1 579
1 579
0 884
0 885
0 886
1 887
1 887
1 887
1 887
1 887
1 579
0 893
1 887
0 895
1 887
0 897
0 898
0 899
1 900
1 900
1 900
0 903
1 900
0 905
0 906
0 907
0 908
0 909
0 910
0 911
0 912
0 913
0 914
0 915
1 916
1 916
1 916
1 916
1 916
1 916
0 922
1 165
1 165
1 165
1 165
1 165
0 928
0 929
1 165
1 165
1 165
1 165
1 165
1 165
0 936
1 165
1 165
1 165
1 165
0 941
1 165
1 165
1 165
1 165
1 165
1 165
1 165
1 165
1 165
1 165
1 165
1 165
1 165
1 165
1 165
1 165
1 165
1 165
1 165
1 165
1 165
1 165
1 165
1 165
1 165
1 165
1 165
1 165
1 165
1 165
1 165
1 165
1 165
1 165
1 165
1 165
1 165
1 165
1 165
1 165
1 165
1 165
1 165
1 165
1 165
1 165
1 165
1 165
1 165
1 165
1 165
1 165
1 165
1 165
1 165
1 165
1 165
1 165
1 165
1 165
1 165
1 165
1 165
1 165
1 165
1 165
1 165
1 165
1 165
1 165
1 165
1 165
1 165
1 165
1 165
1 165
1 165
1 165
1 165
1 165
1 165
1 165
1 165
1 165
1 165
1 165
1 165
1 165
1 165
1 165
1 165
1 165
1 165
1 165
1 165
1 165
1 165
1 165
1 165
1 165
1 165
1 165
1 165
1 165
1 165
1 165
1 165
1 165
1 165
1 165
1 165
1 165
1 165
1 165
1 165
1 165
1 165
1 165
1 165
1 165
1 165
1 165
1 165
1 165
1 165
1 165
1 165
1 165
1 165
1 165
1 165
1 165
1 165
1 165
1 165
1 165
1 165
1 165
1 165
1 165
1 165
1 165
1 165
1 165
1 165
1 165
1 165
1 165
1 165
1 165
1 165
1 165
1 165
1 165
1 165
1 165
1 165
1 165
1 165
1 165
1 165
1 165
1 165
1 165
1 165
1 165
1 165
1 165
1 165
1 165
1 165
1 165
1 165
1 165
1 165
1 165
1 165
1 165
1 165
1 165
1 165
1 165
1 165
1 165
1 165
1 165
1 165
1 165
1 165
1 165
1 165
1 165
1 165
1 165
1 165
1 165
1 165
1 165
1 165
1 165
1 165
1 165
1 165
1 165
1 165
1 165
1 165
1 165
1 165
1 165
1 165
1 165
1 165
1 165
1 165
1 165
1 165
1 165
1 165
1 165
1 165
1 165
1 165
1 165
1 165
1 165
1 165
1 165
1 165
1 165
1 165
1 165
1 165
1 165
1 165
1 165
1 165
1 165
1 165
1 165
1 165
1 165
1 165
1 165
1 165
1 165
1 165
1 165
1 165
1 165
1 165
1 165
1 165
1 165
1 165
1 165
1 165
1 165
1 165
1 165
1 165
1 165
1 165
1 165
1 165
1 165
1 165
1 165
1 165
1 165
1 165
1 165
1 165
1 165
1 165
1 165
1 165
1 165
1 165
1 165
1 165
1 165
1 165
1 165
1 165
1 165
1 165
1 165
1 165
1 165
1 165
1 165
1 165
1 165
1 165
1 165
1 165
1 165
1 165
1 165
1 165
1 165
1 165
1 165
1 165
1 165
1 165
1 165
1 165
1 165
1 165
1 165
1 165
1 165
1 165
1 165
1 165
1 165
1 165
1 165
1 165
1 165
1 165
1 165
1 165
1 165
1 165
1 165
1 165
1 165
1 165
1 165
1 165
1 165
1 165
1 165
1 165
1 165
1 165
1 165
1 165
1 165
1 165
1 165
1 165
1 165
1 165
1 165
1 165
1 165
1 165
1 165
1 165
1 165
1 165
1 165
1 165
1 165
1 165
1 165
1 165
1 165
1 165
1 165
1 165
1 165
1 165
1 165
1 165
1 165
1 165
1 165
1 165
1 165
1 165
1 165
1 165
1 165
1 165
1 165
1 165
1 165
1 165
1 165
1 165
1 165
1 165
1 165
1 165
1 165
1 165
1 165
1 165
1 165
1 165
1 165
1 165
1 165
1 165
1 165
1 165
1 165
1 165
1 165
1 165
1 165
1 165
1 165
1 165
1 165
1 165
1 165
1 165
1 165
1 165
1 165
1 165
1 165
1 165
1 165
1 165
1 165
1 165
1 165
1 165
1 165
1 165
1 165
1 165
1 165
1 165
1 165
1 165
1 165
1 165
1 165
1 165
1 165
1 165
1 165
1 165
1 165
1 165
1 165
1 165
1 165
1 165
1 165
1 165
1 165
1 165
1 165
1 165
1 165
1 165
1 165
1 165
1 165
1 165
1 165
1 165
1 165
1 165
1 165
1 165
1 165
1 165
1 165
1 165
1 165
1 165
1 165
1 165
1 165
1 165
1 165
1 165
1 165
1 165
1 165
1 165
1 165
1 165
1 165
1 165
1 165
1 165
1 165
1 165
1 165
1 165
1 165
1 165
1 165
1 165
1 165
1 165
1 165
1 165
1 165
1 165
1 165
1 165
1 165
1 165
1 165
1 165
1 165
1 165
1 165
1 165
1 165
1 165
1 165
1 165
1 165
1 165
1 165
1 165
1 165
1 165
1 165
1 165
1 165
1 165
1 165
1 165
1 165
1 165
1 165
1 165
1 165
1 165
1 165
1 165
1 165
1 165
1 165
1 165
1 165
1 165
1 165
1 165
1 165
1 165
1 165
1 165
1 165
1 165
1 165
1 165
1 165
1 165
1 165
1 165
1 165
1 165
1 165
1 165
1 165
1 165
1 165
1 165
1 165
1 165
1 165
1 165
1 165
1 165
1 165
1 165
1 165
1 165
1 165
1 165
1 165
1 165
1 165
1 165
1 165
1 165
1 165
1 165
1 165
1 165
1 165
1 165
1 165
1 165
1 165
1 165
1 165
1 165
1 165
1 165
1 165
1 165
1 165
1 165
1 165
1 165
1 165
1 165
1 165
1 165
1 165
1 165
1 165
1 165
1 165
1 165
1 165
1 165
1 165
1 165
1 165
1 165
1 165
1 165
1 165
1 165
1 165
1 165
1 165
1 165
1 165
1 165
1 165
1 165
1 165
1 165
1 165
1 165
1 165
1 165
1 165
1 165
1 165
1 165
1 165
1 165
1 165
1 165
1 165
1 165
1 165
1 165
1 165
1 165
1 165
1 165
1 165
1 165
1 165
1 165
1 165
1 165
1 165
1 165
1 165
1 165
1 165
1 165
1 165
1 165
1 165
1 165
1 165
1 165
1 165
1 165
1 165
1 165
1 165
1 165
1 165
1 165
1 165
1 165
1 165
1 165
1 165
1 165
1 165
1 165
1 165
1 165
1 165
1 165
1 165
1 165
1 165
1 165
1 165
1 165
1 165
1 165
1 165
1 165
1 165
1 165
1 165
1 165
1 165
1 165
1 165
1 165
1 165
1 165
1 165
1 165
1 165
1 165
1 165
1 165
1 165
1 165
1 165
1 165
1 165
1 165
1 165
1 165
1 165
1 165
1 165
1 165
1 165
1 165
1 165
1 165
1 165
1 165
1 165
1 165
1 165
1 165
1 165
1 165
1 165
1 165
1 165
1 165
1 165
1 165
1 165
1 165
1 165
1 165
1 165
1 165
1 165
1 165
1 165
1 165
1 165
1 165
1 165
1 165
1 165
1 165
1 165
1 165
1 165
1 165
1 165
1 165
1 165
1 165
1 165
1 165
1 165
1 165
1 165
1 165
1 165
1 165
1 165
1 165
1 165
1 165
1 165
1 165
1 165
1 165
1 165
1 165
1 165
1 165
1 165
1 165
1 165
1 165
1 165
1 165
1 165
1 165
1 165
1 165
1 165
1 165
1 165
1 165
1 165
1 165
1 165
1 165
1 165
1 165
1 165
1 165
1 165
1 165
1 1759
1 1759
0 1757
0 1758
1 1759
1 1759
1 1759
1 1759
1 1759
1 1759
1 1759
1 1759
1 1759
1 1759
1 1759
1 1759
1 1759
1 1759
1 1775
1 1775
1 1775
1 1775
1 1775
1 1775
1 1775
1 1775
1 1775
1 1775
1 1775
1 1775
0 1785
0 1786
0 1787
1 165
0 1789
1 165
1 165
0 1792
1 165
0 1794
0 1795
0 1796
0 1797
1 1798
0 1799
0 1800
1 1798
1 1798
1 1798
1 1798
1 1798
1 1798
1 1798
1 1798
1 1798
1 1798
1 1798
1 1798
1 1798
1 1798
1 1798
1 1798
1 1798
1 1798
0 1819
1 1798
1 1798
1 1798
1 1798
1 1798
0 1825
0 1826
0 1827
1 165
1 165
1 165
1 165
1 165
1 165
1 165
1 165
1 165
1 165
1 165
1 165
1 165
1 165
1 165
1 900
1 900
1 165
1 165
1 900
1 900
1 900
1 900
0 1851
0 1852
1 900
1 900
0 1855
0 1856
1 900
1 900
1 900
0 1860
0 1861
0 1862
0 1863
0 1864
0 1865
0 1866
0 1867
0 1868
0 1869
0 1870
1 165
0 1872
0 1873
1 165
1 165
1 165
1 165
1 165
1 165
1 165
1 165
1 165
1 165
1 165
1 165
1 165
1 165
1 165
1 165
1 165
1 165
1 165
1 165
1 165
1 165
1 165
1 165
1 165
1 165
1 165
1 165
1 165
1 165
1 165
1 165
1 165
1 165
1 165
1 165
1 165
1 165
1 165
1 165
1 165
1 165
1 165
1 165
1 165
1 165
1 165
1 165
1 165
0 1923
1 165
1 165
1 165
1 165
1 165
1 165
1 165
1 165
1 165
1 165
1 165
1 165
1 165
1 165
1 165
1 165
1 165
1 165
1 165
1 165
1 165
1 165
0 1946
1 165
1 165
1 165
1 165
1 165
1 165
1 165
1 165
1 165
1 165
1 165
1 165
1 165
1 165
1 165
1 165
1 165
1 165
1 165
1 165
1 165
1 165
1 165
1 165
1 165
1 165
1 165
1 165
1 165
1 165
1 165
1 165
1 165
1 165
1 165
1 165
1 165
1 165
1 165
1 165
1 165
1 165
1 165
1 165
0 1991
1 165
1 165
1 165
1 165
1 165
1 165
1 165
1 165
1 165
1 165
1 165
1 165
1 165
1 165
1 165
1 165
1 165
1 165
1 165
1 165
1 165
1 165
1 165
1 165
1 165
1 165
1 165
1 165
1 165
1 165
1 165
1 165
1 165
1 165
1 165
1 165
1 165
1 165
1 165
1 165
1 165
1 165
1 165
1 165
1 165
1 165
1 165
1 165
1 165
1 165
1 165
1 165
1 165
1 165
1 165
1 165
1 165
1 165
1 165
1 165
1 165
1 165
1 165
1 165
1 165
1 165
1 165
1 165
1 165
1 165
1 165
1 165
1 165
1 165
1 165
1 165
1 165
1 165
1 165
1 165
1 165
1 165
1 165
1 165
1 165
1 165
1 165
1 165
1 165
1 165
1 165
1 165
1 165
1 165
1 165
1 165
1 165
1 165
1 165
1 165
1 165
1 165
1 165
1 165
1 165
1 165
1 165
1 165
1 165
1 165
1 165
1 165
1 165
1 165
1 165
1 165
1 165
1 165
1 165
1 165
1 165
1 165
1 165
1 165
1 165
1 165
1 165
1 165
1 165
1 165
1 165
1 165
1 165
1 165
1 165
1 165
1 165
1 165
1 165
1 165
1 165
1 165
1 165
1 165
1 165
1 165
1 165
1 165
1 165
1 165
1 165
1 165
1 165
1 165
1 165
1 165
1 165
1 165
1 165
1 165
1 165
1 165
1 165
1 165
1 165
1 165
1 165
1 165
1 165
1 165
1 165
1 165
1 165
1 165
1 165
1 165
1 165
1 165
1 165
1 165
1 165
1 165
1 165
1 165
1 165
1 165
1 165
1 165
1 165
1 165
1 165
1 165
1 165
1 165
1 165
1 165
1 165
1 165
1 165
1 165
1 165
1 165
1 165
1 165
1 165
1 165
1 165
1 165
1 165
1 165
1 165
1 165
1 165
1 165
1 165
1 165
1 165
1 165
1 165
1 165
1 165
1 165
1 165
1 165
1 165
1 165
1 165
1 165
1 165
1 165
1 165
1 1759
1 1759
1 1759
1 1759
1 1759
1 1759
1 1759
1 1759
1 1759
1 1759
0 2233
1 1759
1 165
1 1759
1 1759
1 1759
1 165
1 165
0 2241
1 165
1 165
0 2244
1 165
0 2246
1 2249
1 2249
1 2249
1 2249
1 2249
1 2249
1 1775
1 1775
1 1775
0 2256
1 1775
1 1775
1 1775
1 1775
1 1775
1 1775
1 1775
1 1775
1 1775
1 1775
0 2267
1 1775
1 1775
1 1775
1 1775
1 1775
1 1775
1 1775
1 1775
1 1775
1 1775
1 1775
0 2279
0 2280
1 1775
1 1775
1 1775
0 2284
1 1775
1 1775
1 2287
1 2287
1 2287
1 2287
0 2291
1 2287
1 2287
1 2287
1 2287
1 2287
0 2297
0 2298
1 2299
1 2299
1 2299
1 2299
1 2299
1 2299
1 2299
1 2299
1 165
1 165
1 165
1 2299
1 2299
1 165
1 165
1 165
1 165
1 165
1 2299
1 165
1 165
1 165
1 165
1 165
1 2299
1 2299
1 165
1 165
1 165
1 2299
1 2299
1 2299
1 2299
1 2299
1 2299
1 2299
1 2299
1 2299
1 2299
1 2299
1 2299
1 2299
1 2299
1 2299
1 2299
1 2299
1 2299
1 2299
1 2299
1 2299
1 2299
1 2299
1 2299
1 2299
1 2299
1 2299
1 2299
1 2299
1 2299
1 2299
1 165
0 2360
1 2299
1 2299
1 2299
1 2299
1 2299
0 2366
1 1798
1 2299
1 2299
1 2299
1 1798
1 1798
1 1798
1 1798
1 1798
1 1798
1 2299
1 2299
1 2299
1 2299
1 2299
1 2299
1 2299
1 1798
1 2299
1 2299
1 2299
1 1798
1 1798
1 2299
1 2299
1 2299
1 2299
1 1798
1 1798
1 1798
1 1798
1 2299
1 2299
1 2299
1 2299
1 1798
1 2299
1 2299
1 2299
1 2299
1 1798
1 1798
1 1798
1 2299
1 2299
1 2299
1 2299
1 1798
1 2299
1 1798
1 1798
1 1798
1 2299
1 2299
1 1798
1 1798
1 1798
1 1798
1 1798
1 1798
1 2299
1 2299
1 2299
1 2299
1 2299
1 1798
1 1798
1 1798
1 1798
1 1798
1 1798
1 2299
1 2299
1 1798
1 1798
1 1798
1 1798
1 1798
1 1798
1 1798
1 2299
1 2299
1 2299
1 2299
1 1798
1 1798
1 1798
1 1798
1 2299
1 2299
1 2299
1 2299
1 2299
1 2299
1 1798
1 1798
1 1798
1 1798
1 1798
1 1798
1 1798
1 1798
1 1798
1 1798
1 1798
1 1798
1 1798
1 1798
1 1798
1 1798
1 1798
1 1798
1 1798
1 2299
1 1798
1 1798
1 1798
1 1798
1 1798
1 1798
1 1798
1 1798
1 1798
1 1798
1 1798
1 1798
1 2299
1 1798
1 1798
1 1798
1 1798
1 2299
1 2299
1 1798
1 1798
1 1798
1 1798
1 1798
0 2505
0 2506
1 165
1 2299
1 2299
1 165
1 165
1 2299
1 2299
1 2299
1 2299
1 2299
1 165
1 165
1 165
1 165
1 165
1 165
1 2299
1 2299
1 2299
1 165
1 165
1 165
1 165
1 165
1 165
1 165
1 165
1 165
1 165
1 165
1 165
1 165
1 165
1 165
1 165
1 165
1 165
1 2299
1 165
1 165
1 165
1 165
1 165
1 165
1 165
1 165
1 165
1 165
1 2299
1 165
1 165
1 165
1 165
1 165
1 165
1 165
1 165
1 165
1 165
1 165
1 165
1 165
1 165
1 165
1 165
1 165
1 165
1 165
1 165
1 165
1 165
1 165
1 2299
1 165
0 2581
0 2582
1 165
1 165
0 2585
1 165
0 2587
0 2588
1 165
1 165
1 165
1 165
1 165
1 165
0 2595
1 165
0 2597
1 165
1 165
1 165
1 165
1 165
1 165
1 165
1 165
1 165
1 165
1 165
1 165
1 165
1 165
1 165
1 165
1 165
1 165
1 165
1 165
1 165
1 165
1 165
1 165
1 165
1 165
1 165
1 165
1 165
1 165
1 165
1 165
1 165
1 165
1 165
1 165
1 165
1 165
1 165
1 165
1 165
1 165
1 165
1 165
1 165
1 165
1 165
1 165
1 165
1 165
1 165
1 165
1 165
1 165
1 165
1 165
1 165
1 165
1 165
1 165
1 165
1 165
1 165
1 165
1 165
1 165
1 165
1 165
1 165
1 165
1 165
1 165
1 165
1 165
1 165
1 165
1 165
1 165
1 165
1 165
1 165
1 165
1 165
1 165
1 165
1 165
1 165
1 165
1 165
1 165
1 165
1 165
1 165
1 165
1 165
1 165
1 165
1 165
1 165
1 165
1 165
1 165
1 165
1 165
1 165
1 165
1 165
1 165
1 165
1 165
1 165
1 165
1 165
1 165
1 165
1 165
1 165
1 165
1 165
1 165
1 165
1 165
1 165
0 2721
1 165
1 165
1 165
1 165
1 165
1 165
1 165
1 165
1 165
1 165
1 165
1 165
1 165
1 165
1 165
1 165
1 165
1 165
1 165
1 165
1 165
1 165
1 165
1 165
1 165
1 165
1 165
1 165
1 165
1 165
1 165
1 165
1 165
1 165
1 165
1 165
1 165
1 165
1 165
0 2761
1 165
1 165
1 165
1 165
1 165
1 165
1 165
1 165
0 2770
1 165
1 165
1 165
1 165
1 165
1 165
1 165
1 165
1 165
1 165
1 165
1 165
1 165
1 165
1 165
1 165
1 165
1 165
1 165
1 165
1 165
1 165
1 165
1 165
1 165
1 165
1 165
1 165
1 165
1 165
1 165
1 165
0 2803
1 165
1 165
1 165
1 1775
1 1775
0 2809
0 2810
0 2811
1 1775
0 2813
1 1775
1 2287
1 2287
1 2287
1 2287
1 2287
1 2287
1 2287
1 2287
1 2287
1 2287
1 2826
1 2826
1 2826
1 2826
1 2826
1 2826
1 2826
0 2832
1 2826
0 2834
1 2826
1 2826
0 2837
0 2838
1 4194
0 2840
0 2841
1 2299
1 2299
1 2299
1 2299
1 165
1 2299
1 2299
1 2299
1 2299
1 2299
1 2299
1 2299
1 2299
1 165
1 2299
1 2299
1 2299
1 2299
1 2299
1 2299
1 2299
1 2299
1 2299
1 2299
1 2299
1 2299
1 165
1 165
1 165
1 165
1 2299
1 2299
1 2299
1 2299
1 2299
1 2299
1 2299
1 2299
1 2299
1 2299
1 2299
1 2299
1 2299
1 165
1 165
1 165
1 165
1 165
1 2299
1 2299
1 2299
1 2299
1 2299
1 2299
1 2299
1 2299
1 2299
1 2299
1 2299
1 2299
1 2299
1 2299
1 2299
1 2299
1 165
1 165
1 165
1 165
1 165
1 165
1 165
1 165
1 165
1 165
1 165
1 2299
1 2299
1 2299
1 2299
1 2299
1 2299
1 2299
1 2299
1 165
1 165
1 165
1 165
1 165
1 165
1 2299
1 2299
1 2299
1 2299
1 2299
1 2299
1 2299
1 2299
1 2299
1 2299
1 2299
1 2299
1 2299
1 2299
1 2299
1 2299
1 2299
1 165
1 165
1 165
1 165
1 165
1 165
1 165
1 165
1 165
1 165
1 165
1 165
1 165
1 165
1 165
1 165
1 165
1 2299
1 2299
1 2299
1 2299
1 2299
1 2299
1 2299
1 2299
1 2299
1 2299
1 2299
1 2299
1 2299
1 2299
1 2299
1 165
1 165
1 165
1 165
1 165
1 165
1 165
1 165
1 165
1 165
1 165
1 165
1 165
1 165
1 2299
1 2299
1 2299
1 2299
1 2299
1 2299
1 2299
1 2299
1 2299
1 2299
1 2299
1 2299
1 2299
1 2299
1 2299
1 2299
1 2299
1 165
1 165
1 165
1 165
1 165
1 165
1 165
1 165
1 165
1 165
1 165
1 165
1 165
1 165
1 165
1 165
1 165
1 165
1 165
1 2299
1 2299
1 2299
1 2299
1 2299
1 2299
1 2299
1 2299
1 2299
1 2299
1 2299
1 2299
1 2299
1 2299
1 2299
1 2299
1 2299
1 2299
1 2299
1 165
1 165
1 165
1 165
1 165
1 165
1 165
1 165
1 165
1 165
1 165
1 165
1 165
1 165
1 2299
1 2299
1 2299
1 2299
1 2299
1 2299
1 2299
1 2299
1 2299
1 2299
1 165
1 165
1 165
1 165
1 165
1 165
1 165
1 165
1 165
1 165
1 165
1 165
1 165
1 165
1 165
1 165
1 165
1 165
1 165
1 165
1 2299
1 2299
1 2299
1 2299
1 2299
1 2299
1 2299
1 2299
1 2299
1 2299
1 165
1 165
1 165
1 165
1 165
1 165
1 165
1 165
1 165
1 165
1 2299
1 2299
1 2299
1 2299
1 2299
1 2299
1 2299
1 2299
1 165
1 165
1 165
1 165
1 165
1 165
1 165
1 165
1 165
1 165
1 165
1 165
1 165
1 165
1 165
1 165
1 165
1 165
1 165
1 2299
1 2299
1 165
1 165
1 165
1 165
1 165
1 165
1 165
1 165
1 165
1 165
1 165
1 165
1 165
1 165
1 2299
1 2299
1 2299
1 2299
1 2299
1 2299
1 165
1 165
1 165
1 165
1 165
1 165
1 165
1 165
1 165
1 165
1 2299
1 2299
1 2299
1 165
1 165
1 165
1 165
1 165
1 165
1 165
1 165
1 165
1 165
1 165
1 165
1 165
1 165
0 3189
1 2299
1 2299
1 2299
1 2299
1 165
1 165
1 165
1 165
1 165
1 165
1 165
1 165
1 165
1 165
1 165
1 165
1 165
1 165
1 165
1 165
1 165
1 165
1 165
0 3213
0 3214
0 3215
1 2299
1 2299
1 2299
1 2299
1 2299
1 2299
1 2299
1 165
1 165
1 165
1 165
1 165
1 165
1 165
1 165
1 165
1 165
1 165
1 165
1 165
1 165
1 165
1 2299
1 2299
1 2299
1 2299
1 165
1 165
1 165
1 165
1 165
1 165
1 165
1 165
1 165
1 165
1 2299
1 2299
1 2299
1 2299
1 2299
1 165
1 165
1 165
1 165
1 165
1 165
1 165
1 165
1 165
1 165
1 165
1 165
1 165
1 165
1 165
1 165
1 165
1 2299
1 2299
1 165
1 165
1 165
1 165
1 165
1 165
1 165
1 165
1 165
1 165
1 165
1 165
1 165
1 165
1 2299
1 2299
1 2299
1 2299
1 2299
1 2299
1 2299
1 2299
1 2299
1 165
1 165
1 165
1 165
1 165
1 165
1 165
1 165
1 165
1 165
1 165
1 165
1 165
1 165
1 165
1 165
1 2299
1 2299
1 2299
1 2299
1 2299
1 2299
1 165
1 165
1 165
1 165
1 165
1 165
1 165
1 165
1 165
1 165
1 165
1 165
1 165
1 165
1 165
1 165
1 165
1 165
1 2299
1 2299
1 2299
1 2299
1 2299
1 2299
1 165
1 165
1 165
1 165
1 165
1 165
1 165
1 165
1 165
1 165
1 165
1 165
1 165
1 165
1 165
1 165
1 2299
1 2299
1 2299
1 2299
1 2299
1 2299
1 2299
1 2299
1 165
1 165
1 165
1 165
1 165
1 165
1 165
1 165
1 165
1 165
1 165
1 165
1 165
1 165
1 165
1 165
1 2299
1 2299
1 2299
1 2299
1 2299
1 2299
1 2299
1 2299
1 2299
1 2299
1 165
1 165
1 165
1 165
1 165
1 165
1 165
1 165
1 165
1 165
1 165
1 165
1 165
1 165
1 165
1 165
1 2299
1 2299
1 2299
1 2299
1 2299
1 2299
1 2299
1 2299
1 2299
1 2299
1 2299
1 2299
1 2299
1 2299
1 2299
1 165
1 165
1 165
1 165
1 165
1 165
1 165
1 165
1 165
1 165
1 165
1 2299
1 2299
1 2299
1 2299
1 2299
1 2299
1 2299
1 2299
1 2299
1 2299
1 2299
1 2299
1 165
1 165
1 165
1 165
1 165
1 165
1 165
1 165
1 165
1 165
1 165
1 165
1 165
1 165
1 2299
1 2299
1 2299
1 2299
1 2299
1 2299
1 2299
1 2299
1 2299
1 2299
1 165
1 165
1 165
1 165
1 165
1 165
1 165
1 165
1 165
1 2299
1 2299
1 2299
1 2299
1 2299
1 2299
1 2299
1 165
1 165
1 165
1 165
1 165
1 165
1 165
1 165
1 165
1 165
1 165
1 165
1 165
1 165
1 165
1 165
1 165
1 165
1 165
1 165
1 165
1 165
1 165
1 2299
1 2299
1 2299
1 2299
1 2299
1 2299
1 2299
1 2299
1 2299
1 2299
1 2299
1 2299
1 2299
1 2299
1 2299
1 165
1 165
1 165
1 165
1 165
1 165
1 165
1 165
1 165
1 165
1 165
0 3538
1 2299
1 2299
1 2299
1 2299
1 2299
1 2299
1 2299
1 2299
1 2299
1 2299
1 2299
1 2299
1 165
1 165
1 165
1 165
1 165
1 165
1 165
1 165
1 165
1 165
1 2299
1 2299
1 2299
1 2299
1 2299
1 2299
1 2299
1 2299
1 2299
1 2299
1 2299
1 2299
1 165
1 165
1 165
1 165
1 165
1 165
1 165
1 165
1 165
1 2299
1 2299
1 2299
1 2299
1 2299
1 2299
1 2299
1 2299
1 2299
1 2299
1 165
1 165
1 165
1 165
1 165
1 165
1 165
1 165
1 165
1 165
1 165
1 165
1 165
1 165
1 165
1 165
1 165
1 165
1 165
1 2299
1 2299
1 2299
1 2299
1 2299
1 2299
1 2299
1 2299
1 2299
1 2299
1 2299
1 165
1 165
1 165
1 165
1 165
1 165
1 165
1 165
1 165
1 165
1 165
1 2299
1 2299
1 2299
1 2299
1 2299
1 2299
1 2299
1 2299
1 165
1 165
1 165
1 165
1 165
1 165
1 165
1 165
1 165
1 165
1 165
1 165
1 165
1 165
1 165
1 165
1 165
1 165
1 165
1 165
1 165
1 165
1 165
1 165
1 2299
1 2299
1 2299
1 2299
1 2299
1 2299
1 2299
1 2299
1 2299
1 2299
1 2299
1 2299
1 2299
1 2299
1 2299
1 2299
1 2299
1 2299
1 2299
1 2299
1 2299
1 2299
1 2299
1 165
1 165
1 165
1 165
1 165
1 165
1 165
1 165
1 165
1 165
1 2299
1 2299
1 2299
1 2299
1 2299
1 2299
1 2299
1 2299
1 2299
1 165
1 165
1 165
1 165
1 165
1 165
1 165
1 165
1 165
1 165
1 165
1 165
1 165
1 165
1 165
1 2299
1 2299
1 2299
1 2299
1 2299
1 2299
1 2299
1 2299
1 2299
1 2299
1 2299
1 165
1 165
1 165
1 165
1 165
1 165
1 165
1 165
1 165
1 165
1 165
1 165
1 165
1 165
1 165
1 165
1 165
1 165
1 2299
1 2299
1 2299
1 2299
1 2299
1 2299
1 2299
1 2299
1 2299
1 165
1 165
1 165
1 165
1 165
1 165
1 165
1 165
1 165
1 165
1 165
1 165
1 165
1 2299
1 2299
1 2299
1 2299
1 165
1 165
1 165
1 165
1 165
1 165
1 165
1 165
1 165
1 2299
1 2299
1 2299
1 2299
1 165
1 165
1 165
1 165
1 2299
1 165
1 2299
1 165
1 2299
1 2299
1 165
1 2299
1 2299
1 165
1 165
1 2299
1 2299
1 2299
1 2299
1 2299
1 165
1 2299
1 165
1 2299
1 165
1 165
1 165
1 3822
1 165
1 165
1 165
1 165
1 3822
1 165
1 3822
1 3822
1 165
1 165
1 3822
1 165
1 165
1 165
1 3822
1 165
1 165
1 165
1 165
1 3822
1 165
1 165
1 165
1 165
1 165
1 165
1 165
1 165
1 165
1 165
1 165
1 165
1 165
1 165
1 165
1 165
1 165
0 3855
1 165
1 165
0 3858
0 3859
1 165
0 3861
1 165
1 165
1 165
1 165
1 165
1 165
1 165
1 165
1 165
1 165
1 165
1 165
1 165
1 165
1 165
1 165
1 165
1 165
1 165
1 165
1 165
1 165
1 165
1 165
1 165
0 3887
1 165
1 165
1 165
1 165
1 165
1 165
1 165
1 165
1 165
1 165
1 165
1 165
1 165
1 165
1 165
1 165
1 165
1 165
1 165
1 165
1 165
1 165
1 165
1 165
1 165
1 165
1 165
1 165
1 165
1 165
1 165
1 165
1 165
1 165
1 165
1 165
1 165
1 165
1 165
1 165
1 165
1 165
1 165
1 165
1 165
1 165
1 165
1 165
1 165
1 165
1 165
1 165
1 165
1 165
1 165
1 165
1 165
1 165
1 165
1 165
1 165
1 165
1 165
1 165
1 165
1 165
1 165
1 165
1 165
1 165
1 165
1 165
1 165
1 165
1 165
1 165
1 165
1 165
1 165
1 165
1 165
1 165
1 165
1 165
1 165
1 165
1 165
1 165
1 165
1 165
1 165
1 165
1 165
1 165
1 165
1 165
1 165
1 165
1 165
1 165
1 165
1 165
1 165
0 3991
0 3992
1 165
1 165
1 165
1 165
1 165
1 165
0 3999
1 165
1 165
1 165
1 165
1 165
1 165
1 165
1 165
1 165
1 165
1 165
1 165
1 165
1 165
1 165
1 165
1 165
1 165
1 165
1 165
1 165
1 165
1 165
1 165
1 165
1 165
1 165
1 165
1 165
1 165
1 165
1 165
1 165
1 165
1 165
1 165
1 165
1 165
1 165
1 165
1 165
1 165
1 165
1 165
1 165
1 165
1 165
1 165
1 165
1 165
1 165
1 165
1 165
1 165
1 165
1 165
1 165
1 165
1 165
1 165
1 165
1 165
1 165
1 165
0 4064
1 165
1 165
1 165
1 165
1 165
1 165
1 165
1 165
1 165
1 165
1 165
1 165
1 165
1 165
1 165
1 165
1 165
1 165
1 165
1 165
1 165
1 165
1 165
1 165
1 165
1 165
1 165
1 165
1 165
1 165
1 165
1 165
1 165
1 165
1 165
1 165
1 165
1 165
1 165
1 165
1 165
1 165
1 165
1 165
1 165
1 165
1 165
1 165
1 165
1 165
1 165
1 165
1 165
1 165
1 165
1 165
1 165
1 165
1 165
1 165
1 165
1 165
1 165
1 165
1 165
1 165
1 165
1 165
1 165
1 165
1 165
1 165
1 165
1 165
1 165
1 165
1 165
1 165
1 165
1 165
1 165
1 2287
0 4147
1 2287
1 165
1 165
1 165
1 165
1 165
1 165
1 165
1 165
1 165
1 165
1 165
1 165
1 165
1 165
0 4163
1 165
1 165
1 165
1 165
1 165
1 165
1 165
1 165
1 165
1 2826
1 165
1 165
1 165
1 165
1 2826
1 2826
1 165
1 165
1 165
1 165
0 4184
1 2826
1 165
1 2826
1 165
1 165
1 165
1 165
1 4194
1 4194
1 4194
1 165
1 165
1 4194
1 4194
0 4199
1 4194
1 4194
1 4194
1 165
0 4204
1 165
1 165
1 165
1 165
1 165
1 165
1 165
1 165
1 165
1 165
0 4215
1 165
1 165
1 165
1 165
1 2299
1 2299
1 2299
1 2299
1 2299
0 4225
0 4226
1 2299
1 2299
1 2299
1 2299
1 2299
1 2299
1 2299
1 2299
1 2299
1 2299
1 2299
1 2299
1 2299
1 2299
1 2299
1 2299
1 2299
1 2299
1 2299
1 2299
1 2299
1 2299
1 2299
1 165
1 165
1 2299
1 2299
1 2299
1 2299
1 2299
1 2299
1 2299
1 165
1 165
1 165
1 165
1 2299
1 2299
1 2299
1 2299
1 2299
1 2299
1 2299
1 2299
1 2299
1 2299
1 2299
1 2299
1 165
1 2299
1 2299
1 2299
1 2299
1 2299
1 2299
1 2299
1 2299
1 2299
1 2299
1 2299
1 2299
1 2299
1 165
1 165
1 2299
1 2299
1 2299
1 2299
1 2299
1 2299
1 2299
1 2299
1 165
1 165
1 165
1 2299
1 2299
1 2299
1 2299
1 2299
1 2299
1 2299
1 2299
1 2299
1 2299
1 165
1 165
1 165
1 165
1 2299
1 2299
1 2299
1 2299
1 2299
1 2299
1 2299
1 2299
1 2299
1 2299
1 2299
1 2299
1 2299
1 2299
1 2299
1 2299
1 165
1 165
1 2299
1 2299
1 2299
1 2299
1 2299
1 2299
1 2299
1 2299
1 2299
1 2299
1 2299
1 2299
1 2299
1 2299
1 2299
1 2299
1 2299
1 2299
1 2299
1 2299
1 2299
1 2299
1 165
1 165
1 2299
1 2299
1 2299
1 2299
1 2299
1 2299
1 2299
1 2299
1 165
1 165
1 165
1 165
1 2299
1 2299
1 2299
1 2299
1 2299
1 2299
1 2299
1 2299
1 2299
1 2299
1 2299
1 2299
1 2299
1 165
1 165
1 2299
1 2299
1 2299
1 2299
1 2299
1 2299
1 2299
1 2299
1 2299
1 2299
1 2299
1 2299
1 165
1 165
1 2299
1 2299
1 2299
1 2299
1 2299
1 2299
1 2299
1 2299
1 165
1 165
1 165
1 2299
1 2299
1 2299
1 2299
1 165
1 2299
1 2299
1 2299
1 2299
1 2299
1 2299
1 2299
1 2299
1 2299
1 165
1 165
1 2299
1 2299
1 2299
1 2299
1 2299
1 165
1 165
1 2299
1 2299
1 2299
1 2299
1 2299
1 165
1 165
1 2299
1 2299
1 2299
1 2299
1 2299
1 165
1 165
1 165
1 165
1 165
1 2299
1 2299
1 2299
1 165
1 2299
1 2299
1 2299
1 2299
1 165
1 165
1 165
1 165
1 165
1 165
1 165
1 165
1 165
1 165
1 165
1 165
1 165
1 165
1 165
0 4473
1 165
1 165
1 165
1 165
1 165
1 165
1 165
1 165
1 165
1 165
1 165
1 165
1 165
1 165
1 165
1 165
1 165
1 165
1 165
1 165
0 4494
1 165
1 165
1 165
1 165
1 165
1 165
1 165
1 165
1 165
1 165
1 165
1 165
1 165
0 4508
1 165
1 165
0 4511
1 165
1 165
1 165
1 165
1 165
1 165
1 165
1 165
1 165
1 165
1 165
1 165
1 165
1 165
1 165
1 165
1 165
1 165
1 165
1 165
1 165
1 165
1 165
1 165
1 165
1 165
1 165
1 165
1 165
1 165
1 165
1 165
1 165
1 165
1 165
1 165
1 165
1 165
1 165
1 165
1 165
1 165
1 165
1 165
0 4556
1 165
1 165
1 165
1 165
1 165
0 4562
1 165
1 165
1 165
1 165
1 165
1 165
1 165
1 165
1 165
1 165
1 165
1 165
1 165
1 165
1 165
1 165
1 165
1 165
1 165
1 165
1 165
1 165
1 165
1 165
1 165
1 165
1 165
1 165
1 165
1 165
0 4593
1 165
1 165
1 165
1 165
1 165
1 165
1 165
1 165
0 4602
1 165
1 165
1 165
1 165
1 165
1 165
1 165
1 165
1 165
1 165
1 165
1 165
1 165
1 165
1 165
1 165
1 165
1 165
1 165
1 165
1 165
1 165
1 165
1 165
1 165
1 165
1 165
1 165
1 165
1 165
1 165
1 165
1 165
1 165
1 165
1 165
1 165
1 165
1 165
1 165
1 165
1 165
1 165
1 165
1 165
1 165
1 165
1 165
1 165
1 165
1 165
1 165
1 165
1 165
1 165
1 165
1 165
1 165
1 165
1 165
1 165
1 165
1 165
1 165
1 165
1 165
1 4669
1 4669
1 165
1 165
1 165
1 165
1 165
1 165
1 165
1 165
1 165
1 165
1 165
1 165
1 165
1 165
1 165
1 165
1 165
1 165
1 165
1 165
1 165
1 165
1 165
1 165
1 4669
1 165
1 165
1 165
1 165
1 165
1 165
1 165
1 165
1 165
1 165
1 165
1 165
1 165
1 165
1 165
1 165
1 165
1 165
1 165
1 165
1 165
1 165
1 165
1 165
1 4669
1 4669
1 4669
1 4669
1 4669
1 4669
1 4669
1 4669
1 4669
1 4669
1 4669
1 4669
1 4669
1 4669
1 4669
1 165
1 165
1 165
1 165
1 165
1 165
1 165
1 165
1 165
1 165
1 165
1 165
1 165
1 165
1 165
1 165
1 165
1 165
1 165
1 165
1 165
1 165
1 4669
1 4669
1 4669
1 4669
1 4669
1 4669
1 4669
1 4669
1 4669
1 4669
1 4669
1 4669
1 4669
1 4669
1 4669
1 4669
1 4669
1 165
1 165
1 165
1 165
1 165
1 165
1 165
1 165
1 165
1 165
1 165
1 165
1 165
1 165
1 165
1 4669
1 4669
1 4669
1 4669
1 4669
1 4669
1 4669
1 4669
1 4669
1 4669
1 4669
1 4669
1 4669
1 4669
1 4669
1 4669
1 4669
1 4669
1 4669
1 4669
1 165
1 165
1 165
1 165
1 165
1 165
1 165
1 165
1 165
1 165
1 165
1 165
1 165
1 4669
1 4669
1 4669
1 4669
1 4669
1 4669
1 4669
1 4669
1 4669
1 4669
1 4669
1 4669
1 4669
1 4669
1 4669
1 4669
1 4669
1 4669
1 4669
1 4669
1 165
1 165
1 165
1 165
1 165
1 165
1 165
1 4669
1 4669
1 4669
1 4669
1 4669
1 4669
1 4669
1 4669
1 4669
1 4669
1 4669
1 4669
1 4669
1 4669
1 4669
1 4669
1 4669
1 165
1 165
1 165
1 165
1 165
1 165
1 165
1 165
1 165
1 165
1 165
1 165
1 165
1 165
1 165
1 165
1 165
1 165
1 165
1 165
1 165
1 165
1 165
1 165
1 165
1 165
1 165
1 165
1 165
1 165
1 165
1 165
1 165
1 165
1 165
1 165
1 165
1 165
1 165
1 165
1 165
1 165
1 165
1 165
1 165
1 165
1 165
1 165
1 165
1 165
1 165
1 165
1 165
1 165
1 165
1 165
1 165
1 165
1 165
1 165
1 165
1 165
1 165
1 165
1 165
1 165
1 165
1 165
1 165
1 165
1 165
1 165
1 165
1 165
1 165
1 165
0 4942
1 165
1 165
1 165
1 165
1 165
1 165
1 165
1 165
1 165
1 165
1 165
1 165
1 165
1 165
1 165
1 165
1 165
1 165
1 165
1 165
1 165
1 165
1 165
1 165
1 165
1 165
1 165
1 165
1 165
1 165
1 165
1 165
1 165
1 165
1 165
1 165
1 165
1 165
1 165
1 165
1 165
1 165
1 165
1 165
1 165
1 165
1 165
1 165
1 165
1 165
1 165
1 165
1 165
1 165
1 165
1 165
1 165
1 165
1 165
1 165
1 165
1 165
1 165
1 165
1 165
1 165
1 165
1 165
1 165
1 165
1 165
1 165
1 165
1 165
1 165
1 165
1 165
1 165
1 165
1 165
1 165
1 165
1 165
1 165
1 165
1 165
1 165
1 165
1 165
1 165
1 165
1 165
1 165
1 165
1 165
1 165
1 165
1 165
1 165
1 165
1 165
1 165
1 165
1 165
1 165
1 165
1 165
1 165
1 165
1 165
1 165
1 165
1 165
1 165
1 165
1 165
1 165
1 165
1 165
1 165
1 165
1 165
1 165
1 165
1 165
1 165
1 165
1 165
1 165
1 165
1 165
1 165
1 165
1 165
1 165
1 165
1 165
1 165
1 165
1 165
1 165
1 165
1 165
1 165
1 165
1 165
1 165
1 165
1 165
1 165
1 165
1 165
1 165
1 165
1 165
1 165
1 165
1 165
1 165
1 165
1 165
1 165
1 165
1 165
1 165
1 165
1 165
1 165
1 165
1 165
1 165
1 165
1 165
1 165
1 165
1 165
1 165
1 165
1 165
1 165
1 165
1 165
1 165
1 165
1 165
1 165
1 165
1 165
1 165
1 165
1 165
1 165
1 165
1 165
1 165
1 165
1 165
0 5140
1 165
1 165
1 165
1 165
1 165
1 165
1 165
1 165
1 165
1 165
1 165
1 165
1 165
1 165
1 165
1 165
1 165
1 165
1 165
1 165
1 165
1 165
1 165
1 165
1 165
1 165
1 165
1 165
1 165
1 165
1 165
1 165
1 165
1 165
1 165
1 165
1 165
1 165
1 165
1 165
0 5181
1 165
1 165
0 5184
1 165
0 5186
1 165
1 165
1 165
1 165
1 165
1 165
1 165
1 165
1 165
1 165
1 165
1 165
1 165
1 165
1 165
1 165
1 165
1 165
1 165
1 165
1 165
1 165
1 165
1 165
1 165
1 165
1 165
1 165
1 165
1 165
1 165
1 165
1 165
1 165
1 165
1 165
1 165
1 165
1 165
1 165
1 165
1 165
1 165
1 165
1 165
0 5232
1 165
1 165
1 165
1 165
1 165
1 165
1 165
1 165
1 165
1 165
1 165
1 165
1 165
1 165
1 165
1 165
1 165
1 165
1 165
1 165
1 165
1 165
1 165
1 165
1 165
1 165
1 165
1 165
1 165
1 165
1 165
1 165
0 5265
1 165
0 5267
1 165
1 165
1 165
1 165
1 165
0 5273
0 5274
0 5275
0 5276
0 5277
0 5278
0 5279
0 5280
1 165
1 165
1 165
1 165
1 165
1 165
1 165
1 165
1 165
1 2299
1 2299
1 2299
1 165
1 165
1 165
1 165
1 2299
1 2299
1 2299
1 165
1 2299
1 165
1 165
1 165
1 165
1 165
1 165
1 165
1 165
1 165
1 165
1 165
1 165
1 165
1 165
1 165
1 165
1 165
1 165
1 165
1 165
1 165
1 165
1 165
1 165
1 165
1 165
1 165
1 165
1 165
1 165
1 165
1 165
1 165
1 165
1 165
1 165
1 165
1 165
1 165
1 165
1 165
1 165
1 165
1 165
1 165
1 165
1 165
1 165
1 165
1 165
1 165
1 165
0 5354
1 165
0 5356
1 165
1 165
1 165
1 165
1 165
1 165
1 165
1 165
1 165
1 165
1 165
1 165
1 165
1 165
1 165
1 165
1 165
1 165
1 165
1 165
1 165
1 165
1 165
1 165
1 165
1 165
1 165
1 165
1 165
1 165
1 165
1 165
1 165
0 5390
1 165
1 165
1 165
1 165
1 165
1 165
1 165
1 165
1 165
1 165
1 165
1 165
1 165
1 165
1 165
1 165
1 165
1 165
1 165
1 165
1 165
1 165
1 165
1 165
1 165
1 165
1 165
1 165
1 165
1 165
1 165
1 165
1 165
1 165
1 165
1 165
1 165
1 165
1 165
1 165
1 165
1 165
1 165
1 165
1 165
1 165
1 165
1 165
1 165
1 165
1 165
1 165
1 165
1 165
1 165
1 165
1 165
1 165
1 165
1 165
1 165
1 165
1 165
1 165
1 165
1 165
1 165
1 165
1 165
1 165
1 165
1 165
1 165
1 165
1 165
1 165
1 165
1 165
1 165
1 165
1 165
1 165
1 165
1 165
1 165
1 165
1 165
1 165
1 165
1 165
1 165
1 165
1 165
1 165
1 165
1 165
1 165
1 165
1 165
1 165
1 165
1 165
1 165
1 165
1 165
1 165
1 165
1 165
1 165
1 165
1 165
1 165
1 165
1 165
1 165
1 165
1 165
1 165
1 165
1 165
1 165
1 165
1 165
1 165
1 165
1 165
1 165
1 165
1 165
1 165
1 165
1 165
1 165
1 165
1 165
1 165
1 165
1 165
1 165
1 165
1 165
1 165
1 165
1 4669
1 4669
1 4669
1 165
1 165
1 165
1 165
1 165
1 165
1 165
1 165
1 165
1 4669
1 4669
1 4669
1 4669
1 4669
1 4669
1 4669
1 165
1 165
1 165
1 165
1 165
1 165
1 165
1 165
1 4669
1 4669
1 4669
1 4669
1 4669
1 4669
1 4669
1 4669
1 165
1 165
1 165
1 165
1 165
1 165
1 165
1 165
1 165
1 165
1 165
1 165
1 165
1 165
1 165
1 165
1 4669
1 4669
1 4669
1 4669
1 4669
1 4669
1 4669
1 4669
1 165
1 165
1 165
1 165
1 165
1 165
1 165
1 165
1 165
1 165
1 165
1 165
1 4669
1 4669
1 4669
1 4669
1 4669
1 4669
1 4669
1 165
1 165
1 165
1 165
1 165
1 165
1 165
1 165
1 165
1 165
1 4669
1 4669
1 4669
1 4669
1 4669
1 4669
1 4669
1 4669
1 4669
1 4669
1 4669
1 4669
1 4669
1 4669
1 4669
1 4669
1 165
1 165
1 165
1 165
1 165
1 165
1 165
1 165
1 165
1 165
1 165
1 165
1 165
1 165
1 165
1 165
1 165
1 165
1 165
1 165
1 165
1 165
1 165
1 165
1 4669
1 4669
1 4669
1 4669
1 4669
1 4669
1 4669
1 4669
1 4669
1 165
1 165
1 165
1 165
1 165
1 165
1 165
1 165
1 165
1 165
1 165
1 165
1 165
1 165
1 165
1 165
1 165
1 165
1 165
1 165
1 165
1 165
1 165
1 165
1 165
1 165
1 4669
1 4669
1 4669
1 4669
1 4669
1 4669
1 4669
1 4669
1 4669
1 4669
1 4669
1 4669
1 4669
1 4669
1 4669
1 165
1 165
1 165
1 165
1 165
1 165
1 165
1 165
1 165
1 165
1 165
1 165
1 165
1 165
1 165
1 4669
1 4669
1 4669
1 4669
1 4669
1 4669
1 4669
1 4669
1 4669
1 4669
1 4669
1 4669
1 4669
1 4669
1 4669
1 4669
1 165
1 165
1 165
1 165
1 165
1 165
1 165
1 165
1 165
1 165
1 165
1 165
1 165
1 165
1 165
1 165
1 165
1 165
1 165
1 165
1 165
1 165
1 165
1 165
1 165
1 165
1 165
1 4669
1 4669
1 4669
1 4669
1 4669
1 4669
1 4669
1 4669
1 4669
1 4669
1 4669
1 4669
1 4669
1 4669
1 4669
1 4669
1 4669
1 4669
1 4669
1 4669
1 4669
1 165
1 165
1 165
1 165
1 165
1 165
1 165
1 165
1 165
1 165
1 165
1 165
1 165
1 165
1 165
1 165
1 165
1 165
1 165
1 165
1 165
1 165
1 165
1 165
1 165
1 165
1 165
1 165
1 165
1 4669
1 4669
1 4669
1 4669
1 4669
1 4669
1 4669
1 4669
1 4669
1 4669
1 4669
1 4669
1 4669
1 4669
1 4669
1 4669
1 4669
1 4669
1 165
1 165
1 165
1 165
1 165
1 165
1 165
1 165
1 165
1 165
1 165
1 165
1 165
1 165
1 165
1 165
1 165
1 165
1 165
1 165
1 165
1 165
1 165
1 4669
1 4669
1 4669
1 4669
1 4669
1 4669
1 4669
1 4669
1 4669
1 4669
1 165
1 165
1 165
1 165
1 165
1 165
1 165
1 165
1 165
1 165
1 165
1 165
1 165
1 165
1 165
1 165
1 165
1 165
1 165
1 165
1 165
1 165
1 165
1 165
1 165
1 165
1 165
1 165
1 165
1 165
1 165
1 165
1 165
1 165
1 165
1 165
1 165
1 165
1 165
1 165
1 165
1 165
1 165
1 165
1 165
1 165
1 165
1 165
1 165
1 165
1 165
1 165
1 4669
1 4669
1 4669
1 4669
1 4669
1 4669
1 4669
1 165
1 165
1 165
1 165
1 165
1 165
1 165
1 165
1 165
1 165
1 165
1 165
1 165
1 165
1 165
1 165
1 165
1 165
1 165
1 165
1 165
1 165
1 165
1 165
1 165
1 165
1 165
1 165
1 165
1 165
1 165
1 165
1 165
1 165
1 165
1 165
1 165
1 165
1 165
1 165
1 165
1 165
1 165
1 165
1 165
1 165
1 165
1 165
1 165
1 165
1 165
1 165
1 165
1 165
1 165
1 165
1 165
1 165
1 165
1 165
1 4669
1 4669
1 4669
1 4669
1 4669
1 165
1 165
1 165
1 165
1 165
1 165
1 165
1 165
1 165
1 165
1 165
1 165
1 165
1 165
1 165
1 165
1 165
1 165
1 165
1 165
1 165
1 165
1 165
1 165
1 165
1 165
1 165
1 165
1 165
1 165
1 165
1 165
1 165
1 165
1 165
1 165
1 165
1 165
1 165
1 165
1 165
1 165
1 165
1 165
1 165
1 165
1 165
1 165
1 165
1 165
1 165
1 165
1 165
1 165
1 165
1 165
1 165
1 165
1 165
1 165
1 165
1 165
1 165
1 165
1 165
1 165
1 165
1 165
1 165
1 165
1 165
1 4669
1 4669
1 4669
1 4669
1 4669
1 4669
1 4669
1 165
1 165
1 165
1 165
1 165
1 165
1 165
1 165
1 165
1 165
1 165
1 165
1 165
1 165
1 165
1 165
1 165
1 165
1 165
1 165
1 165
1 165
1 165
1 165
1 165
1 165
1 165
1 165
1 165
1 165
1 165
1 165
1 165
1 165
1 165
1 165
1 165
1 165
1 165
1 165
1 165
1 165
1 165
1 165
1 165
1 165
1 165
1 165
1 165
1 165
1 165
1 165
1 165
1 165
1 165
1 165
1 165
1 165
1 165
1 165
1 165
1 165
1 165
1 165
1 165
1 165
1 165
1 165
1 165
1 165
1 165
1 165
1 165
1 165
1 165
1 165
1 165
1 165
1 165
1 165
1 165
1 165
1 165
1 165
1 165
1 165
1 165
1 165
1 165
1 165
1 165
1 165
1 165
1 165
1 165
1 165
1 165
1 165
1 165
1 165
1 165
1 165
1 165
1 165
1 165
1 165
1 165
1 165
1 165
1 165
1 165
1 165
1 165
1 165
1 4669
1 4669
1 4669
1 4669
1 4669
1 4669
1 4669
1 4669
1 165
1 165
1 165
1 165
1 165
1 165
1 165
1 165
1 165
1 165
1 165
1 165
1 165
1 165
1 165
1 165
1 165
1 165
1 165
1 165
1 165
1 165
1 165
1 165
1 165
1 165
1 165
1 165
1 165
1 165
1 165
1 165
1 165
1 165
1 165
1 165
1 165
1 165
1 165
1 165
1 165
1 165
1 165
1 165
1 165
1 165
1 165
1 165
1 165
1 165
1 165
1 165
1 165
1 165
1 165
1 165
1 165
1 165
1 165
1 165
1 165
1 165
1 165
1 165
1 165
1 165
1 165
1 165
1 165
1 165
1 165
1 165
1 165
1 165
1 165
1 165
1 165
1 165
1 165
1 165
1 165
1 165
1 165
1 165
1 165
1 165
1 165
1 165
1 165
1 165
1 165
1 165
1 165
1 165
1 165
1 165
1 165
1 165
1 165
1 165
1 165
1 165
1 165
1 165
1 165
1 165
1 165
1 165
1 165
1 165
1 165
1 165
1 165
1 165
1 165
1 165
1 165
1 165
1 165
1 165
1 165
1 165
1 165
1 165
1 165
1 165
1 165
1 165
1 165
1 165
1 165
1 165
1 165
1 165
1 165
1 165
1 165
1 165
1 165
1 165
1 165
1 165
1 165
1 165
1 165
1 165
1 165
1 165
1 165
1 165
1 165
1 165
1 165
1 165
1 165
1 165
1 165
1 165
1 165
1 165
1 165
1 165
1 165
1 165
1 165
1 165
1 165
1 165
1 165
1 165
1 165
1 165
1 165
1 165
1 165
1 165
1 165
1 165
1 165
1 165
1 165
1 165
1 165
1 165
1 165
1 165
1 165
1 165
1 165
1 165
1 165
1 165
1 165
1 165
1 165
1 165
1 165
1 165
1 165
1 165
1 165
1 165
1 165
1 165
1 165
1 165
1 165
1 165
1 165
1 165
1 165
1 165
1 165
1 165
1 165
1 165
1 165
1 165
1 165
1 165
1 165
1 165
1 165
1 165
1 165
1 165
1 165
1 165
1 165
1 165
1 165
1 165
1 165
1 165
1 165
1 165
1 165
1 165
1 165
1 165
1 165
1 165
1 165
1 165
1 165
1 165
1 165
1 165
1 165
1 165
1 165
1 165
1 165
1 165
1 165
1 165
1 165
1 165
1 165
1 165
1 165
1 165
1 165
1 165
1 165
1 165
1 165
1 165
1 165
1 165
1 165
1 165
1 165
1 165
1 165
1 165
1 165
1 165
1 165
1 165
1 165
1 165
1 165
1 165
1 165
1 165
1 165
1 165
1 165
1 165
1 165
1 165
1 165
1 165
1 165
1 165
1 165
1 165
1 165
1 165
1 165
1 165
1 165
1 165
1 165
1 165
1 165
1 165
1 165
1 165
1 165
1 165
1 165
1 165
1 165
1 165
1 165
1 165
1 165
1 165
1 165
1 165
1 165
1 165
1 165
1 165
1 165
1 165
1 165
1 165
1 165
1 165
1 165
1 165
1 165
1 165
1 165
1 165
1 165
1 165
1 165
1 165
1 165
1 165
1 165
1 165
1 165
1 165
1 165
1 165
1 165
1 165
1 165
1 165
1 165
1 165
1 165
1 165
1 165
1 165
1 165
1 165
1 165
1 165
1 165
1 165
1 165
1 165
1 165
1 165
1 165
1 165
1 165
1 165
1 165
1 165
1 165
1 165
1 165
1 165
1 165
1 165
1 165
1 165
1 165
1 165
1 165
1 165
1 165
1 165
1 165
1 165
1 165
1 165
1 165
1 165
1 165
1 165
1 165
1 165
1 165
1 165
1 165
1 165
1 165
1 165
1 165
1 165
1 165
1 165
1 165
1 165
1 165
1 165
1 165
1 165
1 165
1 165
1 165
1 165
1 165
1 165
1 165
1 165
1 165
1 165
1 165
1 165
1 165
1 165
1 165
1 165
1 165
1 165
1 165
1 165
1 165
1 165
1 165
1 165
1 165
1 165
1 165
1 165
1 165
1 165
1 165
1 165
1 165
1 165
1 165
1 165
1 165
1 165
1 165
1 165
1 165
1 165
1 165
1 165
1 165
1 165
1 165
1 165
1 165
1 165
1 165
1 165
1 165
1 165
1 165
1 165
1 165
1 165
1 165
1 165
1 165
1 165
1 165
1 165
1 165
1 165
1 165
1 165
1 165
1 165
1 165
1 165
1 165
1 165
1 165
1 165
1 165
1 165
1 165
1 165
1 165
1 165
1 165
1 165
1 165
1 165
1 165
1 165
1 165
1 165
1 165
1 165
1 165
1 165
1 165
1 165
1 165
1 165
1 165
1 165
1 165
1 165
1 165
1 165
1 165
1 165
1 165
1 165
1 165
1 165
1 165
1 165
1 165
1 165
1 165
1 165
1 165
1 165
1 165
1 165
1 165
1 165
1 165
1 165
1 165
1 165
1 165
1 165
1 165
1 165
1 165
1 165
1 165
1 165
1 165
1 165
1 165
1 165
1 165
1 165
1 165
1 165
1 165
1 165
1 165
1 165
1 165
1 165
1 165
1 165
1 165
1 165
1 165
1 165
1 165
1 165
1 165
1 165
1 165
1 165
1 165
1 165
1 165
1 165
1 165
1 165
1 165
1 165
1 165
1 165
1 165
1 165
1 165
1 165
1 165
1 165
1 165
1 165
1 165
1 165
1 165
1 165
1 165
1 165
1 165
1 165
1 165
1 165
1 165
1 165
1 165
1 165
1 165
1 165
1 165
1 165
1 165
1 165
1 165
1 165
1 165
1 165
1 165
1 165
1 165
1 165
1 165
1 165
1 165
1 165
1 165
1 165
1 165
1 165
1 165
1 165
1 165
1 165
1 165
1 165
1 165
1 165
1 165
1 165
1 165
1 165
1 165
1 165
1 165
1 165
1 165
1 165
1 165
1 165
1 165
1 165
1 165
1 165
1 165
1 165
1 165
1 165
1 165
1 165
1 165
1 165
1 165
1 165
1 165
1 165
1 165
1 165
1 165
1 165
1 165
1 165
1 165
1 165
1 165
1 165
1 165
1 165
1 165
1 165
1 165
1 165
1 165
1 165
1 165
1 165
1 165
1 165
1 165
1 165
1 165
1 165
1 165
1 165
1 165
1 165
1 165
1 165
1 165
1 165
1 165
1 165
1 165
1 165
1 165
1 165
1 165
1 165
1 165
1 165
1 165
1 165
1 165
1 165
1 165
1 165
1 165
1 165
1 165
1 165
1 165
1 165
1 165
1 165
1 165
1 165
1 165
1 165
1 165
1 165
1 165
1 165
1 165
1 165
1 165
1 165
1 165
1 165
1 165
1 165
1 165
1 165
1 165
1 165
1 165
1 165
1 165
1 165
1 165
1 165
1 165
1 165
1 165
1 165
1 165
1 165
1 165
1 165
1 165
1 165
1 165
1 165
1 165
1 165
1 165
1 165
1 165
1 165
1 165
1 165
1 165
1 165
1 165
1 165
1 165
1 165
1 165
1 165
1 165
1 165
1 165
1 165
1 165
1 165
1 165
1 165
1 165
1 165
1 165
1 165
1 165
1 165
1 165
1 165
1 165
1 165
1 165
1 165
1 165
1 165
1 165
1 165
1 165
1 165
1 165
1 165
1 165
1 165
1 165
1 165
1 165
1 165
1 165
1 165
1 165
1 165
1 165
1 165
1 165
1 165
1 165
1 165
1 165
1 165
1 165
1 165
1 165
1 165
1 165
1 165
1 165
1 165
1 165
1 165
1 165
1 165
1 165
1 165
1 165
1 165
1 165
1 165
1 165
1 165
1 165
1 165
1 165
1 165
1 165
1 165
1 165
0 7046
1 165
1 165
1 165
1 165
1 165
1 165
1 165
1 165
1 165
1 165
1 165
1 165
1 165
1 165
1 165
1 165
1 165
1 165
1 165
1 165
0 7067
1 165
1 165
1 165
1 165
1 165
0 7073
1 165
1 165
1 165
1 165
1 165
1 165
1 165
1 165
1 165
1 165
1 165
1 165
0 7086
0 7087
0 7088
0 7089
1 165
1 165
1 165
1 165
1 165
1 165
1 165
1 165
1 165
0 7099
1 165
1 165
1 165
1 165
1 165
1 165
1 165
1 165
1 165
0 7109
1 165
0 7111
1 165
1 165
1 165
1 165
1 165
1 165
1 165
1 165
1 165
1 165
1 165
1 165
1 165
1 165
1 165
1 165
1 165
1 165
0 7130
1 165
1 165
1 165
1 165
1 165
1 165
1 165
1 165
1 165
1 165
1 165
1 165
1 165
1 165
1 165
1 165
0 7147
1 165
1 165
0 7150
1 165
1 165
1 165
1 165
1 165
1 165
1 165
1 165
1 165
1 165
1 165
1 165
1 165
1 165
1 165
1 165
1 165
1 165
1 165
1 165
1 165
1 165
1 165
1 165
1 165
1 165
1 165
1 165
1 165
1 165
1 165
1 165
1 165
1 165
1 165
1 165
1 165
1 165
1 165
1 165
1 165
1 165
1 165
1 165
1 165
1 165
1 165
1 165
1 165
1 165
1 165
1 165
1 165
1 165
1 165
1 165
1 165
1 165
1 165
1 165
1 165
1 165
1 165
1 165
1 165
1 165
1 165
1 165
1 165
1 165
1 165
1 165
1 165
1 165
1 165
1 165
1 165
1 165
1 165
1 165
1 165
1 165
1 165
1 165
1 165
1 165
1 165
1 165
1 165
1 165
1 165
1 165
1 165
1 165
1 165
1 165
1 165
1 165
1 165
1 165
1 165
1 165
1 165
1 165
1 165
1 165
1 165
1 165
1 165
1 165
1 165
1 165
1 165
1 165
1 165
1 165
1 165
1 165
1 165
1 165
1 165
1 165
1 165
1 165
1 165
1 165
1 165
1 165
1 165
1 165
1 165
1 165
1 165
1 165
1 165
1 165
1 165
1 165
1 165
1 165
1 165
1 165
1 165
1 165
1 165
1 165
1 165
1 165
1 165
1 165
1 165
1 165
1 165
1 165
1 165
1 165
1 165
1 165
1 165
1 165
1 165
1 165
1 165
1 165
1 165
1 165
1 165
1 165
1 165
1 165
1 165
1 165
1 165
1 165
1 165
1 165
1 165
1 165
1 165
1 165
1 165
1 165
1 165
1 165
1 165
1 165
1 165
1 165
1 165
1 165
1 165
1 165
1 165
1 165
1 165
1 165
1 165
1 165
1 165
1 165
1 165
1 165
1 165
1 165
1 165
1 165
1 165
1 165
1 165
1 165
1 165
1 165
1 165
1 165
1 165
1 165
1 165
1 165
1 165
1 165
0 7371
1 165
1 165
1 165
0 7375
1 165
1 165
1 165
1 165
1 165
1 165
0 7382
1 165
1 165
1 165
1 165
1 165
1 165
1 165
1 165
1 165
1 165
1 165
1 165
1 165
1 165
1 165
1 165
1 165
1 165
1 165
1 165
1 165
1 165
1 165
1 165
1 165
1 165
1 165
1 165
1 165
1 165
1 165
1 165
1 165
1 165
1 165
1 165
1 165
1 165
1 165
1 165
1 165
1 165
1 165
1 165
1 165
1 165
1 165
1 165
1 165
1 165
1 165
1 165
1 165
1 165
1 165
1 165
1 165
1 165
1 165
1 165
1 165
1 165
1 165
1 165
1 165
1 165
1 165
1 165
1 165
1 165
1 165
1 165
1 165
1 165
1 165
1 165
1 165
1 165
1 165
1 165
1 165
1 165
1 165
1 165
1 165
1 165
1 165
1 165
1 165
1 165
1 165
1 165
1 165
1 165
1 165
1 165
1 165
1 165
1 165
1 165
1 165
1 165
1 165
1 165
1 165
1 165
1 165
1 165
1 165
1 165
1 165
1 165
1 165
1 165
1 165
1 165
1 165
1 165
1 165
1 165
1 165
1 165
1 165
1 165
1 165
1 165
1 165
1 165
1 165
1 165
1 165
1 165
1 165
1 165
1 165
1 165
1 165
1 165
1 165
1 165
1 165
1 165
1 165
1 165
1 165
1 165
1 165
1 165
1 165
1 165
1 165
1 165
1 165
1 165
1 165
1 165
1 165
1 4669
1 4669
1 4669
1 4669
1 4669
1 4669
1 165
1 165
1 165
1 165
1 165
1 165
1 165
1 165
1 165
1 165
1 165
1 165
1 165
1 165
1 165
1 165
1 165
1 165
1 165
1 165
1 165
1 165
1 165
1 165
1 165
1 165
1 165
1 4669
1 4669
1 165
1 165
1 165
1 165
1 165
1 165
1 165
1 165
1 165
1 165
1 165
1 165
1 165
1 165
1 165
1 165
1 165
1 165
1 165
1 165
1 165
1 165
1 165
1 165
1 165
1 165
1 165
1 165
1 4669
1 4669
1 165
1 165
1 165
1 165
1 165
1 165
1 165
1 165
1 165
1 165
1 165
1 165
1 165
1 165
1 165
1 165
1 165
1 165
1 165
1 165
1 165
1 4669
1 4669
1 4669
1 4669
1 4669
1 4669
1 165
1 165
1 165
1 165
1 165
1 165
1 165
1 165
1 165
1 165
1 165
1 165
1 165
1 4669
1 4669
1 4669
1 4669
1 4669
1 4669
1 4669
1 4669
1 4669
1 4669
1 165
1 165
1 165
1 165
1 165
1 165
1 165
1 165
1 165
1 165
1 165
1 165
1 165
1 165
1 165
1 165
1 165
1 165
1 165
1 165
1 165
1 165
1 165
1 165
1 165
1 165
1 165
1 165
1 165
1 165
1 165
1 4669
1 4669
1 4669
1 4669
1 4669
1 4669
1 165
1 165
1 165
1 165
1 165
1 165
1 165
1 165
1 165
1 165
1 165
1 165
1 165
1 165
1 165
1 165
1 165
1 165
1 4669
1 4669
1 4669
1 4669
1 4669
1 4669
1 4669
1 4669
1 4669
1 4669
1 4669
1 4669
1 165
1 165
1 165
1 165
1 165
1 165
1 165
1 165
1 165
1 165
1 165
1 165
1 165
1 165
1 165
1 165
1 165
1 165
1 165
1 165
1 165
1 165
1 165
1 165
1 165
1 165
1 165
1 165
1 165
1 165
1 165
1 4669
1 4669
1 4669
1 4669
1 4669
1 4669
1 4669
1 4669
1 4669
1 4669
1 4669
1 4669
1 4669
1 165
1 165
1 165
1 165
1 165
1 165
1 165
1 165
1 165
1 165
1 165
1 165
1 165
1 165
1 165
1 165
1 165
1 165
1 165
1 165
1 165
1 165
1 4669
1 4669
1 4669
1 4669
1 4669
1 4669
1 4669
1 4669
1 4669
1 165
1 165
1 165
1 165
1 165
1 165
1 165
1 165
1 165
1 165
1 165
1 165
1 4669
1 4669
1 4669
1 4669
1 4669
1 4669
1 4669
1 4669
1 4669
1 4669
1 4669
1 4669
1 4669
1 165
1 165
1 165
1 165
1 165
1 165
1 165
1 165
1 165
1 165
1 165
1 165
1 165
1 165
1 165
1 165
1 165
1 165
1 4669
1 4669
1 4669
1 4669
1 4669
1 4669
1 4669
1 4669
1 4669
1 4669
1 4669
1 4669
1 4669
1 4669
1 4669
1 4669
1 4669
1 4669
1 4669
1 4669
1 4669
1 4669
1 4669
1 165
1 165
1 165
1 165
1 165
1 165
1 165
1 165
1 165
1 165
1 165
1 165
1 165
1 165
1 165
1 4669
1 4669
1 4669
1 4669
1 4669
1 4669
1 4669
1 4669
1 4669
1 4669
1 4669
1 4669
1 4669
1 4669
1 4669
1 165
1 165
1 165
1 165
1 165
1 165
1 165
1 165
1 165
1 165
1 165
1 165
1 165
1 165
1 165
1 165
1 4669
1 4669
1 4669
1 4669
1 4669
1 4669
1 4669
1 4669
1 4669
1 4669
1 4669
1 4669
1 4669
1 4669
1 4669
1 4669
1 4669
1 4669
1 4669
1 4669
1 4669
1 4669
1 4669
1 4669
1 165
1 165
1 165
1 165
1 165
1 165
1 165
1 165
1 165
1 165
1 165
1 165
1 165
1 165
1 165
1 165
1 165
1 165
1 165
1 4669
1 4669
1 4669
1 4669
1 4669
1 4669
1 4669
1 4669
1 4669
1 4669
1 4669
1 4669
1 4669
1 4669
1 4669
1 4669
1 4669
1 4669
1 4669
1 4669
1 4669
1 4669
1 4669
1 4669
1 4669
1 4669
1 4669
1 4669
1 4669
1 4669
1 165
1 165
1 165
1 165
1 165
1 165
1 165
1 165
1 165
1 165
1 165
1 165
1 165
1 165
1 165
1 165
1 165
1 165
1 165
1 165
1 165
1 4669
1 4669
1 4669
1 4669
1 4669
1 4669
1 4669
1 4669
1 4669
1 4669
1 4669
1 4669
1 4669
1 4669
1 4669
1 165
1 165
1 165
1 165
1 165
1 165
1 165
1 165
1 165
1 165
1 165
1 165
1 165
1 165
1 165
1 165
1 165
1 165
1 165
1 165
1 165
1 165
1 165
1 165
1 165
1 4669
1 4669
1 4669
1 4669
1 4669
1 4669
1 4669
1 4669
1 4669
1 165
1 165
1 165
1 165
1 165
1 165
1 165
1 165
1 165
1 165
1 165
1 165
1 165
1 165
1 165
1 165
1 165
1 165
1 165
1 165
1 165
1 4669
1 4669
1 4669
1 4669
1 4669
1 4669
1 4669
1 4669
1 4669
1 165
1 165
1 165
1 165
1 165
1 165
1 165
1 165
1 165
1 165
1 165
1 165
1 165
1 165
1 165
1 165
1 165
1 165
1 165
1 165
1 165
1 165
1 4669
1 4669
1 4669
1 4669
1 4669
1 4669
1 4669
1 4669
1 165
1 165
1 165
1 165
1 165
1 165
1 165
1 165
1 4669
1 4669
1 4669
1 4669
1 4669
1 4669
1 4669
1 4669
1 4669
1 4669
1 4669
1 4669
1 4669
1 4669
1 165
1 165
1 165
1 165
1 165
1 165
1 165
1 165
1 165
1 165
1 165
1 165
1 165
1 165
1 165
1 165
1 4669
1 4669
1 4669
1 4669
1 4669
1 165
1 165
1 165
1 165
1 165
1 165
1 165
1 165
1 165
1 165
1 165
1 165
1 165
1 165
1 165
1 165
1 165
1 165
1 165
1 165
1 165
1 165
1 165
1 4669
1 165
1 165
1 165
1 165
1 165
1 165
1 165
1 165
1 165
1 165
1 165
1 165
1 165
1 165
1 165
1 165
1 165
1 165
1 165
1 4669
1 4669
1 4669
1 4669
1 4669
1 4669
1 4669
1 4669
1 4669
1 165
1 165
1 165
1 165
1 165
1 165
1 165
1 165
1 165
1 165
1 165
1 165
1 165
1 165
1 4669
1 4669
1 4669
1 4669
1 4669
1 4669
1 165
1 165
1 165
1 165
1 165
1 165
1 165
1 165
1 165
1 4669
1 4669
1 4669
1 4669
1 4669
1 165
1 165
1 165
1 165
1 165
1 165
1 165
1 165
1 165
1 165
1 165
1 165
1 165
1 4669
1 4669
1 4669
1 4669
0 8258
0 8259
1 165
1 165
1 165
1 165
1 165
1 165
1 165
1 165
1 165
1 165
1 165
1 165
1 165
1 165
1 165
1 165
1 165
1 165
1 4669
1 4669
1 4669
1 4669
1 165
1 165
1 165
1 165
1 165
1 165
1 165
1 165
1 165
1 165
1 165
1 165
1 165
1 165
1 165
1 165
1 165
1 165
1 165
1 165
1 165
1 165
1 165
1 165
1 165
1 165
1 165
1 165
1 165
1 165
1 165
1 165
1 165
1 165
1 165
1 165
1 165
1 4669
1 4669
1 165
1 165
1 165
1 165
1 165
1 165
1 165
1 165
1 165
1 165
1 165
1 165
1 165
1 165
1 165
1 165
1 165
1 165
1 165
1 165
1 165
1 165
1 165
1 165
1 165
1 165
1 4669
1 165
1 165
1 165
1 165
1 165
1 165
1 165
1 165
1 165
1 165
1 165
1 165
1 165
1 165
1 165
1 165
1 165
1 165
1 165
1 165
1 165
1 165
1 165
1 165
1 165
1 165
1 165
1 165
1 165
1 165
1 165
1 165
1 165
1 165
1 165
1 165
1 165
1 165
1 165
1 165
1 165
1 165
1 165
1 165
1 165
1 165
1 165
1 165
1 165
1 165
1 165
1 165
1 165
1 165
1 165
1 165
1 165
1 165
1 165
1 165
1 165
1 165
1 165
1 165
1 165
1 165
1 165
1 165
1 165
1 165
1 165
1 165
1 165
1 165
1 165
1 165
1 165
1 165
1 165
1 165
1 165
1 165
1 165
1 165
1 165
1 165
1 165
1 165
1 165
1 165
1 165
1 165
1 165
1 165
1 165
1 165
1 165
1 165
1 165
1 165
1 165
1 165
1 165
1 165
1 165
1 165
1 165
1 165
1 165
1 165
1 165
1 165
1 165
1 165
1 165
1 165
1 165
1 165
1 165
1 165
1 165
1 165
1 165
1 165
1 165
1 165
1 165
1 165
1 165
1 165
1 165
1 165
1 165
1 165
1 165
1 165
1 165
1 165
1 165
1 165
1 165
1 165
1 165
1 165
1 165
1 165
1 165
1 165
1 165
1 165
1 165
1 165
1 165
1 165
1 165
1 165
1 165
1 165
1 165
1 165
1 165
1 165
1 165
1 165
1 165
1 165
1 165
1 165
1 165
1 165
1 165
1 165
1 165
1 165
1 165
1 165
1 165
1 165
1 165
1 165
1 165
1 165
1 165
1 165
1 165
1 165
1 165
1 165
1 165
1 165
1 165
1 165
1 165
1 165
1 165
1 165
1 165
1 165
1 165
1 165
1 165
1 165
1 165
1 165
1 165
1 165
1 165
1 165
1 165
1 165
1 165
1 165
1 165
1 165
1 165
1 165
1 165
1 165
1 165
1 165
1 165
1 165
1 165
1 165
1 165
1 165
1 165
1 165
1 165
1 165
1 165
1 165
1 165
1 165
1 165
1 165
1 165
1 165
1 165
1 165
1 165
1 165
1 165
1 165
1 165
1 165
1 165
1 165
1 165
1 165
1 165
1 165
1 165
1 165
1 165
1 165
1 165
1 165
1 165
1 165
1 165
1 165
1 165
1 165
1 165
1 165
1 165
1 165
1 165
1 165
1 165
1 165
1 165
1 165
1 165
1 165
1 165
1 165
1 165
1 165
1 165
1 165
1 165
1 165
1 165
1 165
1 165
1 165
1 165
1 165
1 165
1 165
1 165
1 165
1 165
1 165
1 165
1 165
1 165
1 165
1 165
1 165
1 165
1 165
1 165
1 165
1 165
1 165
1 165
1 165
1 165
1 165
1 165
1 165
1 165
1 165
1 165
1 165
1 165
1 165
1 165
1 165
1 165
1 165
1 165
1 165
1 165
1 165
1 165
1 165
1 165
1 165
1 165
1 165
1 165
1 165
1 165
1 165
1 165
1 165
1 165
1 165
1 165
1 165
1 165
1 165
1 165
1 165
1 165
1 165
1 165
1 165
1 165
1 165
1 165
1 165
1 165
1 165
1 165
1 165
1 165
1 165
1 165
1 165
1 165
1 165
1 165
1 165
1 165
1 165
1 165
1 165
1 165
1 165
1 165
1 165
1 165
1 165
1 165
1 165
1 165
1 165
1 165
1 165
1 165
1 165
1 165
1 165
1 165
1 165
1 165
1 165
1 165
1 165
1 165
1 165
1 165
1 165
1 165
1 165
1 165
1 165
1 165
1 165
1 165
1 165
1 165
1 165
1 165
1 165
1 165
1 165
1 165
1 165
1 165
1 165
1 165
1 165
1 165
1 165
1 165
1 165
1 165
1 165
1 165
1 165
1 165
1 165
1 165
1 165
1 165
1 165
1 165
1 165
1 165
1 165
1 165
1 165
1 165
1 165
1 165
1 165
1 165
1 165
1 165
1 165
1 165
1 165
1 165
1 165
1 165
1 165
1 165
1 165
1 165
1 165
1 165
1 165
1 165
1 165
1 165
1 165
1 165
1 165
1 165
1 165
1 165
1 165
1 165
1 165
1 165
1 165
1 165
1 165
1 165
1 165
1 165
1 165
1 165
1 165
1 165
1 165
1 165
1 165
1 165
1 165
1 165
1 165
1 165
1 165
1 165
1 165
1 165
1 165
1 165
1 165
1 165
1 165
1 165
1 165
1 165
1 165
1 165
1 165
1 165
1 165
1 165
1 165
1 165
1 165
1 165
1 165
1 165
1 165
1 165
1 165
1 165
1 165
1 165
1 165
1 165
1 165
1 165
1 165
1 165
1 165
1 165
1 165
1 165
1 165
1 165
1 165
1 165
1 165
1 165
1 165
1 165
1 165
1 165
1 165
1 165
1 165
1 165
1 165
1 165
1 165
1 165
1 165
1 165
1 165
1 165
1 165
1 165
1 165
1 165
1 165
1 165
1 165
1 165
1 165
1 165
1 165
1 165
1 165
1 165
1 165
1 165
1 165
1 165
1 165
1 165
1 165
1 165
1 165
1 165
1 165
1 165
1 165
1 165
1 165
1 165
1 165
1 165
1 165
1 165
1 165
1 165
1 165
1 165
1 165
1 165
1 165
1 165
1 165
1 165
1 165
1 165
1 165
1 165
1 165
1 165
1 165
1 165
1 165
1 165
1 165
1 165
1 165
1 165
1 165
1 165
1 165
1 165
1 165
1 165
1 165
1 165
1 165
1 165
1 165
1 165
1 165
1 165
1 165
1 165
1 165
1 165
1 165
1 165
1 165
1 165
1 165
1 165
1 165
1 165
1 165
1 165
1 165
1 165
1 165
1 165
1 165
1 165
1 165
1 165
1 165
1 165
1 165
1 165
1 165
1 165
1 165
1 165
1 165
1 165
1 165
1 165
1 165
1 165
1 165
1 165
1 165
1 165
1 165
1 165
1 165
1 165
1 165
1 165
1 165
1 165
1 165
1 165
1 165
1 165
1 165
1 165
1 165
1 165
1 165
1 165
1 165
1 165
1 165
1 165
1 165
1 165
1 165
1 165
1 165
1 165
1 165
1 165
1 165
1 165
1 165
1 165
1 165
1 165
1 165
1 165
1 165
1 165
1 165
1 165
1 165
1 165
1 165
1 165
1 165
1 165
1 165
1 165
1 165
1 165
1 165
1 165
1 165
1 165
1 165
1 165
1 165
1 165
1 165
1 165
1 165
1 165
1 165
1 165
1 165
1 165
1 165
1 165
1 165
1 165
1 165
1 165
1 165
1 165
1 165
1 165
1 165
1 165
1 165
1 165
1 165
1 165
1 165
1 165
1 165
1 165
1 165
1 165
1 165
1 165
1 165
1 165
1 165
1 165
1 165
1 165
1 165
1 165
1 165
1 165
1 165
1 165
1 165
1 165
1 165
1 165
1 165
1 165
1 165
1 165
1 165
1 165
1 165
1 165
1 165
1 165
1 165
1 165
1 165
1 165
1 165
1 165
1 165
1 165
1 165
1 165
1 165
1 165
1 165
1 165
1 165
1 165
1 165
1 165
1 165
1 165
1 165
1 165
1 165
1 165
1 165
1 165
1 165
1 165
1 165
1 165
1 165
1 165
1 165
1 165
1 165
1 165
1 165
1 165
1 165
1 165
1 165
1 165
1 165
1 165
1 165
1 165
1 165
1 165
1 165
1 165
1 165
1 165
1 165
1 165
1 165
1 165
1 165
1 165
1 165
1 165
1 165
1 165
1 165
1 165
1 165
1 165
1 165
1 165
1 165
1 165
1 165
1 165
1 165
1 165
1 165
1 165
1 165
1 165
1 165
1 165
1 165
1 165
1 165
1 165
1 165
1 165
1 165
1 165
1 165
1 165
1 165
1 165
1 165
1 165
1 165
1 165
1 165
1 165
1 165
1 165
1 165
1 165
1 165
1 165
1 165
1 165
1 165
1 165
1 165
1 165
1 165
1 165
1 165
1 165
1 165
1 165
1 165
1 165
1 165
1 165
1 165
1 165
1 165
1 165
1 165
1 165
1 165
1 165
1 165
1 165
1 165
1 165
1 165
1 165
1 165
1 165
1 165
1 165
1 165
1 165
1 165
1 165
1 165
1 165
1 165
1 165
1 165
1 165
1 165
1 165
1 165
1 165
1 165
1 165
1 165
1 165
1 165
1 165
1 165
1 165
1 165
1 165
1 165
1 165
1 165
1 165
1 165
1 165
1 165
1 165
1 165
1 165
1 165
1 165
1 165
1 165
1 165
1 165
1 165
1 165
1 165
1 165
1 165
1 165
1 165
1 165
1 165
1 165
1 165
1 165
1 165
1 165
1 165
1 165
1 165
1 165
1 165
1 165
1 165
1 165
1 165
1 165
1 165
1 165
1 165
1 165
1 165
1 165
1 165
1 165
1 165
1 165
1 165
1 165
1 165
1 165
1 165
1 165
1 165
1 165
1 165
1 165
1 165
1 165
1 165
1 165
1 165
1 165
1 165
1 165
1 165
1 165
1 165
1 165
1 165
1 165
1 165
1 165
1 165
1 165
1 165
1 165
1 165
1 165
1 165
1 165
1 165
1 165
1 165
1 165
1 165
1 165
1 165
1 165
1 165
1 165
1 165
1 165
1 165
1 165
1 165
1 165
1 165
1 165
1 165
1 165
1 165
1 165
1 165
1 165
1 165
1 165
1 165
1 165
1 165
1 165
1 165
1 165
1 165
1 165
1 165
1 165
1 165
1 165
1 165
1 165
1 165
1 165
1 165
1 165
1 165
1 165
1 165
1 165
1 165
1 165
1 165
1 165
1 165
1 165
1 165
1 165
1 165
1 165
1 165
1 165
1 165
1 165
1 165
1 165
1 165
1 165
1 165
1 165
1 165
1 165
1 165
1 165
1 165
1 165
1 165
1 165
1 165
1 165
1 165
1 165
1 165
1 165
1 165
1 165
1 165
1 165
1 165
1 165
1 165
1 165
1 165
1 165
1 165
1 165
1 165
1 165
1 165
1 165
1 165
1 165
1 165
1 165
1 165
1 165
1 165
1 165
1 165
1 165
1 165
1 165
1 165
1 165
1 165
1 165
1 165
1 165
1 165
1 165
1 165
1 165
1 165
1 165
1 165
1 165
1 165
1 165
1 165
1 165
1 165
1 165
1 165
1 165
1 165
1 165
1 165
1 165
1 165
1 165
1 165
1 165
1 165
1 165
1 165
1 165
1 165
1 165
1 165
1 165
1 165
1 165
1 165
1 165
1 165
1 165
1 165
1 165
1 165
1 165
1 165
1 165
1 165
1 165
1 165
1 165
1 165
1 165
1 165
1 165
1 165
1 165
1 165
1 165
1 165
1 165
1 165
1 165
1 165
1 165
1 165
1 165
1 165
1 165
1 165
1 165
1 165
1 165
1 165
1 165
1 165
1 165
1 165
1 165
1 165
1 165
1 165
1 165
1 165
1 165
1 165
1 165
1 165
1 165
1 165
1 165
1 165
1 165
1 165
1 165
1 165
1 165
1 165
1 165
1 165
1 165
1 165
1 165
1 165
1 165
1 165
1 165
1 165
1 165
1 165
1 165
1 165
1 165
1 165
1 165
1 165
1 165
1 165
1 165
1 165
1 165
1 165
1 165
1 165
1 165
1 165
1 165
1 165
1 165
1 165
1 165
1 165
1 165
1 165
1 165
1 165
1 165
1 165
1 165
1 165
1 165
1 165
1 165
1 165
1 165
1 165
1 165
1 165
1 165
1 165
1 165
1 165
1 165
1 165
1 165
1 165
1 165
1 165
1 165
1 165
1 165
1 165
1 165
1 165
1 165
1 165
1 165
1 165
1 165
1 165
1 165
1 165
1 165
1 165
1 165
1 165
1 165
1 165
1 165
1 165
1 165
1 165
1 165
1 165
1 165
1 165
1 165
1 165
1 165
1 165
1 165
1 165
1 165
1 165
1 165
1 165
1 165
1 165
1 165
1 165
1 165
1 165
1 165
1 165
1 165
1 165
1 165
1 165
1 165
1 165
1 165
1 165
1 165
1 165
1 165
1 165
1 165
1 165
1 165
1 165
1 165
1 165
1 165
1 165
1 165
1 4669
1 165
1 165
1 165
1 165
1 165
1 165
1 165
1 165
1 165
1 165
1 165
1 165
1 165
1 165
1 165
1 165
1 165
1 165
1 165
1 165
1 165
1 165
1 165
1 165
1 165
1 165
1 165
1 165
1 165
1 165
1 165
1 165
1 165
1 165
1 165
1 165
1 165
1 165
1 165
1 165
1 165
1 165
1 165
1 165
1 165
1 165
1 165
1 165
1 165
1 165
1 165
1 165
1 165
1 165
1 165
1 165
1 165
1 165
1 165
1 165
1 165
1 165
1 165
1 165
1 165
1 165
1 165
1 165
1 165
1 165
1 165
1 165
1 165
1 165
1 165
1 165
1 165
1 165
1 165
1 165
1 165
1 165
1 165
1 165
1 165
1 165
1 165
1 165
1 165
1 4669
1 4669
1 165
1 165
1 165
1 165
1 165
1 165
1 165
1 165
1 165
1 165
1 165
1 165
1 165
1 165
1 165
1 165
1 165
1 165
1 165
1 165
1 165
1 165
1 165
1 165
1 165
1 165
1 165
1 165
1 165
1 165
1 165
1 165
1 165
1 165
1 165
1 165
1 165
1 165
1 165
1 4669
1 4669
1 4669
1 4669
1 4669
1 4669
1 4669
1 4669
1 4669
1 4669
1 165
1 165
1 165
1 165
1 165
1 165
1 165
1 165
1 165
1 165
1 165
1 165
1 165
1 165
1 165
1 165
1 165
1 165
1 165
1 165
1 165
1 165
1 165
1 165
1 165
1 165
1 165
1 165
1 165
1 165
1 165
1 165
1 165
1 165
1 165
1 165
1 165
1 165
1 165
1 165
1 165
1 165
1 165
1 165
1 165
1 165
1 165
1 165
1 165
1 165
1 165
1 165
1 165
1 165
1 165
1 165
1 165
1 165
1 165
1 165
1 4669
1 4669
1 4669
1 4669
1 4669
1 4669
1 4669
1 4669
1 4669
1 4669
1 4669
1 4669
1 4669
1 165
1 165
1 165
1 165
1 165
1 165
1 165
1 165
1 165
1 165
1 165
1 165
1 165
1 165
1 165
1 165
1 165
1 165
1 165
1 165
1 165
1 165
1 165
1 165
1 165
1 165
1 165
1 165
1 165
1 165
1 165
1 165
1 165
1 165
1 165
1 165
1 165
1 165
1 165
1 165
1 165
1 165
1 165
1 165
1 165
1 165
1 165
1 165
1 165
1 165
1 165
1 165
1 165
1 165
1 165
1 165
1 165
1 4669
1 4669
1 4669
1 4669
1 4669
1 4669
1 4669
1 4669
1 4669
1 4669
1 165
1 165
1 165
1 165
1 165
1 165
1 165
1 165
1 165
1 165
1 165
1 165
1 165
1 165
1 165
1 165
1 165
1 165
1 165
1 165
1 165
1 165
1 165
1 165
1 165
1 165
1 165
1 165
1 165
1 165
1 165
1 165
1 165
1 165
1 165
1 165
1 165
1 4669
1 4669
1 4669
1 4669
1 4669
1 4669
1 4669
1 4669
1 4669
1 4669
1 4669
1 4669
1 165
1 165
1 165
1 165
1 165
1 165
1 165
1 165
1 165
1 165
1 165
1 165
1 165
1 165
1 165
1 165
1 165
1 165
1 165
1 165
1 165
1 165
1 165
1 165
1 165
1 165
1 165
1 165
1 165
1 165
1 165
1 165
1 165
1 165
1 165
1 165
1 165
1 165
1 165
1 165
1 165
1 165
1 165
1 165
1 165
1 165
1 165
1 165
1 165
1 165
1 4669
1 4669
1 4669
1 4669
1 4669
1 4669
1 4669
1 4669
1 4669
1 4669
1 4669
1 4669
1 4669
1 4669
1 4669
1 4669
1 4669
1 4669
1 4669
1 165
1 165
1 165
1 165
1 165
1 165
1 165
1 165
1 165
1 165
1 165
1 165
1 165
1 165
1 165
1 165
1 165
1 165
1 165
1 165
1 165
1 165
1 165
1 165
1 165
1 165
1 165
1 165
1 165
1 165
1 165
1 165
1 165
1 165
1 165
1 165
1 165
1 165
1 165
1 165
1 165
1 165
1 165
1 165
1 165
1 165
1 165
1 165
1 165
1 165
1 165
1 165
1 165
1 165
1 165
1 165
1 165
1 165
1 165
1 165
1 165
1 165
1 165
1 165
1 165
1 165
1 165
1 4669
1 4669
1 4669
1 4669
1 4669
1 4669
1 4669
1 4669
1 4669
1 4669
1 4669
1 4669
1 4669
1 4669
1 4669
1 4669
1 4669
1 4669
1 4669
1 4669
1 4669
1 165
1 165
1 165
1 165
1 165
1 165
1 165
1 165
1 165
1 165
1 165
1 165
1 165
1 165
1 165
1 165
1 165
1 165
1 165
1 165
1 165
1 165
1 165
1 165
1 165
1 165
1 165
1 165
1 165
1 165
1 165
1 165
1 165
1 165
1 165
1 165
1 165
1 165
1 165
1 165
1 165
1 165
1 165
1 165
1 165
1 165
1 165
1 165
1 165
1 165
1 165
1 165
1 165
1 165
1 165
1 165
1 165
1 165
1 165
1 165
1 165
1 165
1 165
1 165
1 165
1 165
1 165
1 165
1 165
1 165
1 165
1 165
1 165
1 165
1 165
1 165
1 165
1 165
1 165
1 165
1 165
1 165
1 165
1 165
1 165
1 165
1 4669
1 4669
1 4669
1 4669
1 4669
1 4669
1 4669
1 4669
1 4669
1 4669
1 165
1 165
1 165
1 165
1 165
1 165
1 165
1 165
1 165
1 165
1 165
1 165
1 165
1 165
1 165
1 165
1 165
1 165
1 165
1 165
1 165
1 165
1 165
1 165
1 165
1 165
1 165
1 165
1 165
1 165
1 165
1 165
1 165
1 165
1 165
1 165
1 165
1 165
1 165
1 165
1 165
1 165
1 165
1 165
1 165
1 165
1 165
1 165
1 165
1 165
1 165
1 165
1 165
1 165
1 165
0 10351
0 10352
1 4669
1 4669
1 4669
1 4669
1 4669
1 4669
1 4669
1 4669
1 4669
1 4669
1 4669
1 4669
1 4669
1 165
1 165
1 165
1 165
1 165
1 165
1 165
1 165
1 165
1 165
1 165
1 165
1 165
1 165
1 165
1 165
1 165
1 165
1 165
1 165
1 165
1 165
1 165
1 165
1 165
1 165
1 165
1 165
1 165
1 165
1 165
1 165
1 165
1 165
1 165
1 165
1 165
1 165
1 165
1 165
1 165
1 165
1 165
1 165
1 165
1 165
1 165
1 165
1 165
1 165
1 165
1 165
1 165
1 165
1 165
1 165
1 165
1 165
1 165
1 4669
1 4669
1 4669
1 4669
1 4669
1 4669
1 4669
1 4669
1 4669
1 4669
1 165
1 165
1 165
1 165
1 165
1 165
1 165
1 165
1 165
1 165
1 165
1 165
1 165
1 165
1 165
1 165
1 165
1 165
1 165
1 165
1 165
1 165
1 165
1 165
1 165
1 165
1 165
1 165
1 165
1 165
1 165
1 165
1 165
1 165
1 165
1 165
1 165
1 4669
1 4669
1 4669
1 165
1 165
1 165
1 165
1 165
1 165
1 165
1 165
1 165
1 165
1 165
1 165
1 165
1 165
1 165
1 4669
1 4669
1 4669
1 4669
1 4669
1 4669
1 4669
1 4669
1 4669
1 4669
1 4669
1 165
1 165
1 165
1 165
1 165
1 165
1 165
1 165
1 165
1 165
1 165
1 165
1 165
1 165
1 165
1 165
1 165
1 165
1 165
1 165
1 165
1 165
1 165
1 165
1 165
1 165
1 165
1 165
1 4669
1 4669
1 4669
1 4669
1 4669
1 4669
1 4669
1 4669
1 165
1 165
1 165
1 165
1 165
1 165
1 165
1 165
1 165
1 165
1 165
1 165
1 4669
1 4669
1 4669
1 165
1 165
1 165
1 165
1 165
1 165
1 165
1 165
1 165
1 165
1 4669
1 4669
1 4669
1 4669
1 4669
1 4669
1 165
1 165
1 165
1 165
1 165
1 165
1 165
1 165
1 165
1 165
1 165
1 4669
1 4669
1 165
1 165
1 165
1 165
1 165
1 165
1 165
1 165
1 4669
1 165
1 165
1 4669
1 165
1 165
1 165
1 4669
1 4669
1 165
1 165
1 165
1 165
1 4669
1 165
1 165
1 4669
1 4669
1 165
1 165
1 4669
0 10610
1 4669
1 4669
1 165
1 165
1 165
1 4669
1 4669
1 4669
1 4669
1 165
1 165
1 4669
1 4669
1 4669
1 165
1 165
1 4669
1 4669
1 4669
1 4669
1 165
1 165
1 165
1 165
1 165
1 165
1 165
1 4669
1 4669
1 4669
1 165
1 165
1 165
1 165
1 4669
1 165
1 165
1 165
1 165
1 4669
1 4669
1 4669
1 4669
1 4669
1 4669
1 165
1 165
1 165
1 4669
1 4669
1 4669
1 4669
1 4669
1 4669
1 165
1 165
1 165
1 165
1 165
1 165
1 4669
1 4669
1 4669
1 4669
1 4669
1 165
1 165
1 165
1 165
1 4669
1 4669
1 4669
1 4669
1 4669
1 4669
1 165
1 165
1 165
1 165
1 165
1 165
1 165
1 165
1 165
1 165
1 165
1 4669
1 4669
1 4669
1 4669
1 4669
1 4669
1 165
1 165
1 165
1 165
1 165
1 165
1 165
1 165
1 165
1 165
1 165
1 165
1 165
1 165
1 165
1 165
1 165
1 165
1 165
1 165
1 165
1 165
1 165
1 165
1 165
1 165
1 165
1 165
1 165
1 165
1 165
1 165
1 165
1 165
1 165
1 165
1 165
1 165
1 165
1 165
1 165
1 165
1 165
1 165
1 165
1 165
1 165
1 165
1 165
1 165
1 165
1 165
1 165
1 165
1 165
1 165
1 165
1 165
1 165
1 165
1 165
1 165
1 165
1 165
1 165
1 165
1 165
1 165
1 165
1 165
1 165
1 165
1 165
1 165
1 165
1 165
1 165
1 165
1 165
1 165
1 165
1 165
1 165
1 165
1 165
1 165
1 165
1 165
1 165
1 165
1 165
1 165
1 165
1 165
1 165
1 165
1 165
1 165
1 165
1 165
1 165
1 165
1 165
1 165
1 165
1 165
1 165
1 165
1 165
1 165
1 165
1 165
1 165
1 165
1 165
1 165
1 165
1 165
1 165
1 165
1 165
1 165
1 165
1 165
1 165
1 165
1 165
1 165
1 165
1 165
1 165
1 165
1 165
1 165
1 165
1 165
1 165
1 165
1 165
1 165
1 165
1 165
1 165
1 165
1 165
1 165
1 165
1 165
1 165
1 165
1 165
1 165
1 165
1 165
1 165
1 165
1 165
1 165
1 165
1 165
1 165
1 165
1 165
1 165
1 165
1 165
1 165
1 165
1 165
1 165
1 165
1 165
1 165
1 165
1 165
1 165
1 165
1 165
1 165
1 165
1 165
1 165
1 165
1 165
1 165
1 165
1 165
1 165
1 165
1 165
1 165
1 165
1 165
1 165
1 165
1 165
1 165
1 165
1 165
1 165
1 165
1 165
1 165
1 165
1 165
1 165
1 165
1 165
1 165
1 165
1 165
1 165
1 165
1 165
1 165
1 165
1 165
1 165
1 165
1 165
1 165
1 165
1 165
1 165
1 165
1 165
1 165
1 165
1 165
1 165
1 165
1 165
1 165
1 165
1 165
1 165
1 165
1 165
1 165
1 165
1 165
1 165
1 165
1 165
1 165
1 165
1 165
1 165
1 165
1 165
1 165
1 165
1 165
1 165
1 165
1 165
1 165
1 165
1 165
1 165
1 165
1 165
1 165
1 165
1 165
1 165
1 165
1 165
1 165
1 165
1 165
1 165
1 165
1 165
1 165
1 165
1 165
1 165
1 165
1 165
1 165
1 165
1 165
1 165
1 165
1 165
1 165
1 165
1 165
1 165
1 165
1 165
1 165
1 165
1 165
1 165
1 165
1 165
1 165
1 165
1 165
1 165
1 165
1 165
1 165
1 165
1 165
1 165
1 165
1 165
1 165
1 165
1 165
1 165
1 165
1 165
1 165
1 165
1 165
1 165
1 165
1 165
1 165
1 165
1 165
1 165
1 165
1 165
1 165
1 165
1 165
1 165
1 165
1 165
1 165
1 165
1 165
1 165
1 165
1 165
1 165
1 165
1 165
1 165
1 165
1 165
1 165
1 165
1 165
1 165
1 165
1 165
1 165
1 165
1 165
1 165
1 165
1 165
1 165
1 165
1 165
1 165
1 165
1 165
1 165
1 165
1 165
1 165
1 165
1 165
1 165
1 165
1 165
1 165
1 165
1 165
1 165
1 165
1 165
1 165
1 165
1 165
1 165
1 4669
1 165
1 165
1 165
1 165
1 165
1 165
1 165
1 165
1 4669
1 4669
1 165
1 165
1 165
1 165
1 165
1 165
1 165
1 165
1 165
1 165
1 165
1 165
1 165
1 165
1 4669
1 165
1 4669
1 4669
1 4669
1 165
1 165
1 165
1 4669
1 165
1 4669
1 165
1 165
1 4669
1 165
1 4669
1 4669
1 4669
1 165
1 4669
1 4669
1 4669
1 4669
1 4669
1 4669
1 4669
1 4669
1 4669
1 4669
1 165
1 165
1 165
1 165
1 4669
1 4669
1 165
1 165
1 4669
1 4669
1 4669
1 4669
1 165
1 4669
1 4669
1 165
1 4669
1 4669
1 4669
1 165
1 4669
1 4669
1 4669
1 165
1 165
1 165
1 165
1 165
1 165
1 4669
1 4669
1 4669
1 4669
1 165
1 165
1 165
1 165
1 165
1 165
1 165
1 165
1 165
1 4669
1 4669
1 4669
1 4669
1 4669
1 4669
1 165
1 165
1 165
1 165
1 165
1 165
1 165
1 11195
1 11195
1 11195
1 11195
1 11195
1 11195
1 11195
1 11195
1 11195
1 11195
1 11195
1 11195
1 4669
1 4669
1 4669
1 4669
1 4669
1 4669
1 4669
1 165
1 165
1 165
1 165
1 165
1 165
1 165
1 165
1 165
1 165
1 11195
1 11195
1 11195
1 11195
1 11195
1 11195
1 11195
1 11195
1 11195
1 11195
1 11195
1 11195
1 11195
1 11195
1 11195
1 11195
1 11195
1 11195
1 11195
1 11195
1 11195
1 11195
1 11195
1 11195
1 4669
1 4669
1 4669
1 4669
1 4669
1 4669
1 4669
1 4669
1 4669
1 4669
1 4669
1 4669
1 4669
1 165
1 165
1 165
1 11195
1 11195
1 11195
1 11195
1 11195
1 11195
1 11195
1 11195
1 11195
1 11195
1 11195
1 11195
1 11195
1 11195
1 11195
1 11195
1 11195
1 11195
1 11195
1 11195
1 11195
1 11195
1 11195
1 11195
1 11195
1 11195
1 4669
1 4669
1 4669
1 4669
1 4669
1 4669
1 4669
1 4669
1 4669
1 165
1 165
1 165
1 165
1 165
1 165
1 165
1 165
1 165
1 11195
1 11195
1 11195
1 11195
1 11195
1 11195
1 11195
1 11195
1 11195
1 11195
1 11195
1 11195
1 11195
1 11195
1 11195
1 11195
1 11195
1 11195
1 11195
1 11195
1 11195
1 11195
1 11195
1 11195
1 11195
1 11195
1 11195
1 11195
1 11195
1 11195
1 11195
1 11195
1 11195
1 11195
1 11195
1 11195
1 11195
1 11195
1 11195
1 11195
1 11195
1 11195
1 11195
1 11195
1 11195
1 11195
1 11195
1 11195
1 11195
1 11195
1 11195
1 11195
1 11195
1 11195
1 11195
1 11195
1 11195
1 11195
1 11195
1 11195
1 4669
1 4669
1 4669
1 4669
1 4669
1 4669
1 4669
1 4669
1 4669
1 165
1 165
1 165
1 165
1 165
1 165
1 165
1 165
1 165
1 11522
1 11195
1 11195
1 11195
1 11195
1 11195
1 11195
1 11195
1 11195
1 11195
1 11195
1 11195
1 11195
1 11195
1 11195
1 11195
1 11195
1 11195
1 11195
1 11195
1 11195
1 11195
1 11195
1 11195
1 11195
1 11195
1 11195
1 11195
1 11195
1 11195
1 11195
1 11195
1 11195
1 11195
1 11195
1 11195
1 4669
1 4669
1 4669
1 4669
1 4669
1 4669
1 165
1 165
1 165
1 165
1 165
1 165
1 165
1 165
1 165
1 165
1 165
1 165
1 165
1 11195
1 11195
1 11195
1 11195
1 11195
1 11195
1 11195
1 11195
1 11195
1 11195
1 11195
1 11195
1 11195
1 11195
1 11195
1 11195
1 11195
1 11195
1 11195
1 4669
1 4669
1 4669
1 4669
1 4669
1 165
1 165
1 165
1 165
1 165
1 165
1 165
1 165
1 165
1 165
1 165
1 165
1 165
1 11195
1 11195
1 11195
1 11195
1 11195
1 11195
1 11195
1 11195
1 11195
1 11195
1 11195
1 11195
1 11195
1 11195
1 11195
1 11195
1 11195
1 11195
1 11195
1 11195
1 11195
1 11195
1 11195
1 11195
1 11195
1 11195
1 4669
1 4669
1 4669
1 4669
1 4669
1 165
1 165
1 165
1 165
1 165
1 165
1 165
1 165
1 165
1 165
1 165
1 165
1 165
1 11522
1 11195
1 11195
1 11195
1 11195
1 11195
1 11195
1 11195
1 11195
1 11195
1 4669
1 4669
1 4669
1 165
1 165
1 165
1 165
1 165
1 165
1 165
1 165
1 165
1 4669
1 4669
1 4669
1 165
1 165
1 165
1 165
1 165
1 165
1 165
1 165
1 165
1 165
1 165
1 165
1 165
1 11195
1 4669
1 4669
1 4669
1 4669
1 4669
1 4669
1 4669
1 165
1 165
1 165
1 165
1 165
1 165
1 165
1 165
1 165
1 165
1 165
1 165
1 165
1 165
1 165
1 165
1 165
1 165
1 165
1 165
1 165
1 11195
1 4669
1 4669
1 4669
1 4669
1 4669
1 4669
1 4669
1 165
1 165
1 165
1 165
1 165
1 165
1 165
1 165
1 165
1 165
1 165
1 165
1 165
1 165
1 165
1 165
1 165
1 165
1 165
1 165
1 165
1 165
1 165
1 165
1 165
1 165
1 165
1 165
1 165
1 165
1 165
1 165
1 165
1 165
1 165
1 165
1 165
1 165
1 165
1 165
1 165
1 165
1 165
1 165
1 165
1 165
1 165
1 165
1 165
1 165
1 165
1 165
1 165
1 165
1 165
1 165
1 165
1 165
1 165
1 165
1 165
1 165
1 165
1 165
1 165
1 165
1 165
1 165
1 165
1 165
1 165
1 165
1 165
1 165
1 165
1 165
1 165
1 165
1 165
1 165
1 165
1 165
1 165
1 165
1 165
1 165
1 165
1 165
1 165
1 165
1 165
1 165
1 165
1 165
1 165
1 165
1 165
1 165
1 165
1 165
1 165
1 165
1 165
1 165
1 165
1 165
1 165
1 165
1 165
1 165
1 165
1 165
1 165
1 165
1 165
1 165
1 165
1 165
1 165
1 165
1 165
1 165
1 165
1 165
1 165
1 165
1 165
1 165
1 165
1 165
1 165
1 165
1 165
1 165
1 165
1 165
1 165
1 165
1 165
1 165
1 165
1 165
1 165
1 165
1 165
1 165
1 165
1 165
1 165
1 165
1 165
1 165
1 165
1 165
1 165
1 165
1 165
1 165
1 165
1 165
1 165
1 165
1 165
1 165
1 165
1 165
1 165
1 165
1 165
1 165
1 165
1 165
1 165
1 165
1 165
1 165
1 11787
1 165
1 165
1 165
1 165
1 165
1 165
1 165
1 165
1 165
1 165
1 165
1 165
1 165
1 11787
1 11787
1 165
1 165
1 165
1 165
1 165
1 165
1 165
1 165
1 165
1 165
1 165
1 165
1 165
1 165
1 165
1 165
1 165
1 165
1 165
1 165
1 165
1 165
1 165
1 165
1 165
1 4669
1 4669
1 165
1 165
1 165
1 165
1 165
1 165
1 165
1 165
1 165
1 165
1 165
1 165
1 165
1 165
1 165
1 165
1 165
1 165
1 165
1 165
1 11787
1 11787
1 11787
1 11787
1 11787
1 4669
1 4669
1 4669
1 4669
1 165
1 165
1 165
1 165
1 165
1 165
1 165
1 165
1 165
1 165
1 165
1 165
1 165
1 165
1 165
1 165
1 165
1 11787
1 11787
1 11787
1 11787
1 11787
1 11787
1 11787
1 11787
1 4669
1 4669
1 4669
1 4669
1 4669
1 165
1 165
1 165
1 165
1 165
1 165
1 165
1 165
1 165
1 165
1 165
1 165
1 165
1 165
1 165
1 165
1 165
1 165
1 165
1 165
1 165
1 165
1 165
1 165
1 165
1 11787
1 11787
1 11787
1 11787
1 11787
1 11787
1 11787
1 11787
1 11787
1 11787
1 11787
1 11787
1 11787
1 11787
1 11787
1 11787
1 11787
1 11787
1 11787
1 11787
1 4669
1 4669
1 4669
1 4669
1 4669
1 4669
1 4669
1 4669
1 4669
1 165
1 165
1 165
1 165
1 165
1 165
1 165
1 165
1 165
1 165
1 165
1 165
1 165
1 165
1 165
1 165
1 165
1 165
1 165
1 165
1 165
1 165
1 165
1 165
1 165
1 165
1 165
1 165
1 165
1 165
1 165
1 165
1 165
1 165
1 165
1 165
1 165
1 165
1 165
1 165
1 165
1 165
1 165
1 11787
1 11787
1 11787
1 11787
1 11787
1 11787
1 11787
1 4669
1 4669
1 4669
1 4669
1 4669
1 4669
1 165
1 165
1 165
1 165
1 165
1 165
1 165
1 165
1 165
1 165
1 165
1 165
1 165
1 165
1 165
1 165
1 165
1 165
1 165
1 165
1 165
1 165
1 165
1 165
1 165
1 165
1 165
1 165
1 165
1 165
1 165
1 165
1 165
1 165
1 165
1 165
1 165
1 165
1 165
1 165
1 165
1 165
1 165
1 165
1 165
1 4669
1 4669
1 4669
1 4669
1 4669
1 4669
1 4669
1 4669
1 4669
1 4669
1 4669
1 4669
1 4669
1 4669
1 4669
1 4669
1 165
1 165
1 165
1 165
1 165
1 165
1 165
1 165
1 165
1 165
1 165
1 165
1 165
1 165
1 165
1 165
1 165
1 165
1 165
1 165
1 165
1 165
1 165
1 165
1 165
1 165
1 165
1 165
1 165
1 165
1 165
1 165
1 165
1 165
1 165
1 165
1 165
1 165
1 165
1 165
1 165
1 165
1 165
1 165
1 165
1 165
1 165
1 165
1 165
1 165
1 165
1 165
1 165
1 165
1 165
1 165
1 165
1 165
1 165
1 165
1 165
1 165
1 165
1 165
1 11787
1 11787
1 4669
1 4669
1 4669
1 4669
1 4669
1 4669
1 4669
1 165
1 165
1 165
1 165
1 165
1 165
1 165
1 165
1 165
1 165
1 165
1 165
1 165
1 165
1 165
1 165
1 165
1 165
1 165
1 165
1 165
1 165
1 165
1 165
1 165
1 165
1 165
1 165
1 165
1 165
1 165
1 165
1 165
1 165
1 165
1 165
1 165
1 165
1 165
1 165
1 165
1 165
1 165
1 165
1 165
1 165
1 165
1 165
1 165
1 165
1 165
1 165
1 165
1 165
1 165
1 4669
1 4669
1 4669
1 4669
1 4669
1 4669
1 4669
1 4669
1 4669
1 4669
1 165
1 165
1 165
1 165
1 165
1 165
1 165
1 165
1 165
1 165
1 165
1 165
1 165
1 165
1 165
1 165
1 165
1 165
1 165
1 165
1 165
1 165
1 165
1 165
1 165
1 165
1 165
1 165
1 165
1 165
1 165
1 4669
1 4669
1 4669
1 4669
1 4669
1 4669
1 4669
1 4669
1 4669
1 4669
1 4669
1 165
1 165
1 165
1 165
1 165
1 165
1 165
1 165
1 165
1 165
1 165
1 165
1 165
1 165
1 165
1 165
1 165
1 165
1 165
1 165
1 165
1 165
1 165
1 165
1 165
1 165
1 165
1 165
1 165
1 165
1 165
1 165
1 165
1 165
1 165
1 165
1 165
1 165
1 165
1 165
1 165
1 165
1 165
1 165
1 165
1 165
1 165
1 165
1 165
1 165
1 165
1 165
1 165
1 165
1 165
1 165
1 165
1 165
1 165
1 165
1 165
1 165
1 165
1 165
1 165
1 165
1 165
1 11195
1 11195
1 11195
1 4669
1 4669
1 4669
1 4669
1 4669
1 165
1 165
1 165
1 165
1 165
1 165
1 165
1 165
1 165
1 165
1 165
1 165
1 165
1 165
1 165
1 165
1 165
1 165
1 165
1 165
1 165
1 165
1 165
1 165
1 165
1 165
1 165
1 165
1 165
1 165
1 165
1 165
1 165
1 165
1 165
1 165
1 165
1 165
1 165
1 165
1 165
1 165
1 165
1 165
1 165
1 165
1 165
1 165
1 165
1 165
1 165
1 165
1 165
1 165
1 165
1 11195
1 4669
1 4669
1 4669
1 4669
1 4669
1 165
1 165
1 165
1 165
1 165
1 165
1 165
1 165
1 165
1 165
1 165
1 165
1 165
1 165
1 165
1 165
1 165
1 165
1 165
1 165
1 165
1 165
1 165
1 165
1 165
1 165
1 165
1 165
1 165
1 165
1 165
1 165
1 165
1 165
1 165
1 165
1 165
1 165
1 165
1 165
1 165
1 165
1 11195
1 11195
1 11195
1 11195
1 11195
1 11195
1 11195
1 11195
1 11195
1 11195
1 11195
1 11195
1 11195
1 4669
1 4669
1 4669
1 4669
1 4669
1 4669
1 4669
1 4669
1 4669
1 4669
1 4669
1 4669
1 4669
1 4669
1 4669
1 165
1 165
1 165
1 165
1 165
1 165
1 165
1 165
1 165
1 165
1 165
1 165
1 165
1 165
1 165
1 165
1 165
1 165
1 165
1 165
1 165
1 165
1 165
1 165
1 165
1 165
1 165
1 165
1 165
1 165
1 165
1 165
1 165
1 165
1 165
1 165
1 165
1 165
1 165
1 165
1 165
1 165
1 165
1 165
1 165
1 165
1 165
1 165
1 165
1 165
1 165
1 165
1 165
1 165
1 165
1 165
1 165
1 165
1 165
1 165
1 165
1 165
1 165
1 165
1 165
1 165
1 165
1 165
1 165
1 165
1 165
1 165
1 165
1 11522
1 11522
1 11522
1 11195
1 11195
1 11195
1 11195
1 11195
1 11195
1 11195
1 11195
1 11195
1 11195
1 11195
1 11195
1 11195
1 11195
1 11195
1 11195
1 11195
1 11195
1 4669
1 4669
1 4669
1 4669
1 4669
1 4669
1 165
1 165
1 165
1 165
1 165
1 165
1 165
1 165
1 165
1 165
1 165
1 165
1 165
1 165
1 165
1 165
1 165
1 165
1 165
1 165
1 165
1 165
1 165
1 165
1 165
1 165
1 165
1 165
1 165
1 165
1 165
1 165
1 165
1 165
1 165
1 165
1 165
1 165
1 165
1 165
1 165
1 165
1 165
1 165
1 165
1 165
1 165
1 11522
1 11522
1 11195
1 11195
1 11195
1 11195
1 11195
1 11195
1 11195
1 11195
1 11195
1 11195
1 11195
1 11195
1 11195
1 4669
1 4669
1 165
1 165
1 165
1 165
1 165
1 165
1 165
1 165
1 165
1 165
1 165
1 165
1 165
1 165
1 165
1 165
1 165
1 165
1 165
1 165
1 165
1 165
1 165
1 165
1 165
1 165
1 11195
1 11195
1 11195
1 11195
1 11195
1 11195
1 11195
1 11195
1 11195
1 11195
1 11195
1 11195
1 11195
1 11195
1 11195
1 11195
1 11195
1 11195
1 11195
1 11195
1 4669
1 4669
1 4669
1 4669
1 4669
1 4669
1 4669
1 4669
1 4669
1 4669
1 4669
1 4669
1 165
1 165
1 165
1 165
1 165
1 165
1 165
1 165
1 165
1 165
1 165
1 165
1 165
1 165
1 165
1 165
1 165
1 165
1 165
1 165
1 165
1 165
1 165
1 165
1 165
1 165
1 165
1 165
1 165
1 165
1 165
1 165
1 165
1 165
1 165
1 165
1 165
1 165
1 165
1 165
1 165
1 165
1 165
1 165
1 165
1 165
1 165
1 165
1 165
1 165
1 165
1 165
1 165
1 165
1 165
1 165
1 165
1 165
1 165
1 165
1 165
1 165
1 11195
1 11195
1 11195
1 11195
1 11195
1 11195
1 11195
1 11195
1 11195
1 11195
1 11195
1 11195
1 11195
1 11195
1 11195
1 11195
1 11195
1 11195
1 11195
1 11195
1 11195
1 4669
1 4669
1 4669
1 4669
1 4669
1 4669
1 4669
1 4669
1 4669
1 4669
1 4669
1 4669
1 4669
1 4669
1 4669
1 165
1 165
1 165
1 165
1 165
1 165
1 165
1 165
1 165
1 165
1 165
1 165
1 165
1 165
1 165
1 165
1 165
1 165
1 165
1 165
1 165
1 165
1 165
1 165
1 165
1 165
1 165
1 165
1 165
1 165
1 165
1 165
1 165
1 165
1 165
1 165
1 165
1 165
1 165
1 165
1 165
1 165
1 165
1 165
1 165
1 11522
1 11195
1 11195
1 11195
1 11195
1 11195
1 11195
1 11195
1 11195
1 11195
1 11195
1 11195
1 11195
1 11195
1 11195
1 11195
1 11195
1 4669
1 4669
1 4669
1 4669
1 4669
1 4669
1 4669
1 4669
1 4669
1 4669
1 4669
1 4669
1 4669
1 4669
1 4669
1 4669
1 4669
1 4669
1 165
1 165
1 165
1 165
1 165
1 165
1 165
1 165
1 165
1 165
1 165
1 165
1 165
1 165
1 165
1 165
1 165
1 165
1 165
1 165
1 165
1 165
1 165
1 165
1 165
1 11195
1 11195
1 11195
1 11195
1 11195
1 11195
1 11195
1 11195
1 11195
1 11195
1 11195
1 11195
1 11195
1 11195
1 11195
1 11195
1 11195
1 11195
1 11195
1 11195
1 11195
1 11195
1 11195
1 11195
1 11195
1 11195
1 11195
1 11195
1 11195
1 11195
1 11195
1 11195
1 11195
1 11195
0 12891
1 4669
1 4669
1 4669
1 4669
1 4669
1 4669
1 4669
1 4669
1 4669
1 4669
1 4669
1 4669
1 4669
1 4669
1 4669
1 4669
1 4669
1 4669
1 4669
1 4669
1 4669
1 4669
1 4669
1 4669
1 4669
1 4669
1 4669
1 4669
1 4669
1 4669
1 4669
1 4669
1 4669
1 4669
1 165
1 165
1 165
1 165
1 165
1 165
1 165
1 165
1 165
1 165
1 165
1 165
1 165
1 165
1 165
1 165
1 165
1 165
1 165
1 165
1 165
1 165
1 165
1 165
1 165
1 165
1 165
1 165
1 165
1 165
1 165
1 11195
1 11195
1 11195
1 11195
1 11195
1 11195
1 11195
1 11195
1 11195
1 11195
1 11195
1 11195
1 11195
1 11195
1 11195
1 11195
1 11195
1 11195
1 4669
1 4669
1 4669
1 4669
1 4669
1 4669
1 4669
1 4669
1 4669
1 4669
1 4669
1 4669
1 4669
1 4669
1 4669
1 4669
1 4669
1 4669
1 4669
1 4669
1 4669
1 4669
1 4669
1 165
1 165
1 165
1 165
1 165
1 165
1 165
1 165
1 165
1 165
1 165
1 165
1 165
1 165
1 165
1 165
1 165
1 165
1 165
1 165
1 165
1 165
1 165
1 165
