77
-92.0443268 105.8925476 -783.6867065
-91.8792877 75.4944839 -783.6867065
-91.7014847 43.5655136 -783.6867065
-83.1432571 12.3927479 -783.6867065
-73.3266296 -18.8995304 -783.6867065
-57.2149773 -46.2618980 -783.6867065
-35.0643234 -66.497818 -783.6867065
-6.7899742 -74.6953430 -783.6867065
24.4568176 -63.917305 -783.6867065
49.0386391 -46.8160477 -783.6867065
66.2072067 -20.5143776 -783.6867065
77.9573135 10.4373121 -783.6867065
84.9961548 41.8030014 -783.6867065
84.7752991 72.9738083 -783.6867065
81.9955063 106.3167114 -783.6867065
46.5761261 87.8711090 -689.9167480
35.917099 95.0032806 -684.7717285
16.3873234 96.6600037 -677.5222168
6.1552200 91.3942719 -675.8719482
17.6352844 92.7977600 -677.190918
34.4918060 89.6143799 -682.7215576
-72.2746506 97.8287659 -713.9450684
-64.8427124 103.3463745 -705.6001587
-38.573288 101.4031982 -682.9285889
-29.5191078 91.9771881 -679.5354004
-38.5672836 93.6107635 -682.0953979
-61.7972412 98.6861877 -700.4705200
-60.7109299 73.8410187 -701.8023071
-44.2386475 81.7903137 -690.7761230
-30.0604057 71.4772797 -691.9110107
-44.4769669 66.4875183 -693.6795044
41.2828293 70.9858246 -689.3073120
26.8173847 80.8156738 -684.0928955
10.1630678 69.7568207 -688.8740845
26.9548855 65.7627106 -688.2581787
-20.9086952 68.5700302 -688.8688965
-24.8289909 43.8672791 -686.3761597
-32.8628311 20.795414 -691.2232056
-27.4338551 14.1752996 -683.1663818
-11.9287910 11.4499607 -672.2988892
5.9408398 12.7477398 -682.6325073
9.9122772 20.5240841 -686.7260132
2.2105279 43.5153694 -681.9060059
1.0698452 68.2630463 -686.3601685
-22.0157967 16.5440845 -672.1767578
-0.5333571 17.7115746 -671.8563843
-38.1608887 -12.9381886 -690.2078247
-30.1358643 -6.378994 -684.2483521
-22.3003159 -5.0549355 -679.7070923
-10.7762547 -6.3275623 -676.5349731
-0.5953588 -6.3880291 -677.5226440
8.3832788 -9.0481777 -680.8909912
17.4850273 -16.9372654 -685.9115601
9.7260017 -23.3751411 -686.3273315
0.6222157 -26.9465294 -680.8808594
-12.1661587 -29.3090324 -678.1610107
-25.0072117 -26.8674164 -681.6851196
-31.6667728 -20.7096367 -689.0333862
-25.0285702 -16.6854668 -683.9768677
-10.8516045 -19.1397362 -678.9481812
3.2366648 -18.0274181 -681.9335327
1.9420066 -12.8067665 -678.784668
-10.8151207 -13.9783020 -677.1776733
-24.9534836 -12.7742062 -682.0455322
-9.3007059 26.4013615 -665.9716187
-52.2410507 79.5569000 -693.9055786
-53.8741684 69.5155869 -697.9648437
-37.9435883 67.7426605 -693.3989868
-35.1291046 79.0595245 -689.7709351
16.5740433 77.1830597 -685.8988037
17.9433575 67.1967468 -689.5064697
34.8067474 67.1531372 -689.6737061
34.5877075 78.3312073 -685.1357422
-44.3998566 75.5436859 -693.1110229
24.3564548 73.4375305 -687.3323975
100.9003296 69.9697189 -789.2645264
-102.2724075 76.1665802 -802.512085
