77
-88.6595001 74.299675 -721.8092651
-92.0119476 50.2080231 -721.8092651
-94.2643509 24.1225758 -721.8092651
-91.6653137 -3.2014260 -721.8092651
-82.6776047 -30.7075443 -721.8092651
-62.4457855 -49.2045593 -721.8092651
-39.2464905 -57.9261055 -721.8092651
-15.9881229 -64.6074295 -721.8092651
8.7355404 -57.0945435 -721.8092651
33.3209953 -49.4902267 -721.8092651
51.4232903 -32.0374184 -721.8092651
60.4735146 -8.7181702 -721.8092651
66.2976837 18.9312763 -721.8092651
65.3716736 45.0806465 -721.8092651
63.7632179 70.8658447 -721.8092651
43.0891609 69.3154221 -663.3627319
30.3611794 81.1744385 -658.2545166
14.0928555 81.4861450 -650.8466187
3.0469451 74.9515762 -647.3153076
15.2641449 73.8841095 -648.6444092
30.0935097 71.8543777 -652.4053345
-67.1493912 73.4252625 -666.6608276
-55.3614502 82.7282562 -660.7688599
-37.4715576 84.1534500 -652.5361938
-25.0078697 75.0227509 -647.9503784
-38.5837402 75.3325882 -650.6240234
-54.8987122 74.6356277 -655.2583008
-59.6089401 57.1487885 -652.809021
-44.4922867 62.7766457 -647.4593506
-31.0608425 54.2042313 -646.9820557
-45.6717758 51.7617187 -646.8933716
36.2109032 54.6243668 -651.984375
21.2828007 62.6319199 -645.9545288
7.9043970 54.1101341 -645.8536987
21.2647572 51.6450539 -645.4312744
-21.2214279 55.1767273 -644.1021118
-25.7985783 37.7980804 -637.3531494
-33.9853172 20.8665104 -633.3659058
-28.7868214 13.5111313 -624.0527344
-13.3160372 13.3175402 -615.0636597
4.1325197 12.4021168 -627.3406982
7.7603507 19.6976414 -634.0690918
-1.8015867 37.8364830 -637.9776001
-1.8221989 55.2719650 -645.2132568
-22.6473942 19.1627007 -616.8388672
-2.9146953 19.2461624 -619.5067749
-40.8362923 -7.6950159 -628.7070312
-32.3535767 -2.9394841 -624.8821411
-22.8394642 -0.5853187 -622.1158447
-13.4454479 -1.7538091 -621.0465088
-2.9396574 -1.764177 -624.2611084
5.3122239 -5.3131447 -627.1390991
12.4503622 -11.2649183 -629.7756348
5.3219113 -14.7832994 -628.2317505
-2.9391303 -14.6883183 -624.1959839
-13.4424458 -14.6132526 -620.8967896
-23.9960995 -13.4610252 -621.7311401
-33.6062889 -12.3806973 -626.3121338
-27.5002365 -7.6066251 -621.564209
-13.3991919 -8.7377148 -618.9437866
1.7659665 -9.9972134 -624.7214355
1.7656840 -6.4703631 -624.9453125
-12.2437258 -6.4125519 -619.3017578
-27.5016651 -5.2650452 -621.6002808
-13.3562737 28.4536629 -616.8513794
-51.8896675 61.6548729 -648.4796753
-53.1377258 53.1361923 -648.8199463
-38.4141159 53.0454178 -647.7102661
-37.1867218 61.5752373 -647.6278076
12.7590017 58.9367676 -645.4609985
13.9834909 51.6808739 -645.8803101
29.8720226 53.0359154 -647.5744019
28.6567097 60.3625755 -647.7119141
-44.5075912 57.9194946 -647.6784668
18.8311291 56.4958496 -645.3317871
78.8795624 25.5041866 -720.4868164
-108.9219666 39.5687065 -732.0269165
