77
-80.156960 80.820602 -727.525940
-80.836937 55.030304 -727.525940
-79.199837 27.170101 -727.525940
-71.410561 -0.151303 -727.525940
-61.166119 -27.036795 -727.525940
-44.781097 -48.231239 -727.525940
-22.168171 -62.395611 -727.525940
4.620390 -68.824059 -727.525940
31.423840 -59.231647 -727.525940
53.152687 -42.969669 -727.525940
66.849602 -20.638140 -727.525940
73.581726 3.274966 -727.525940
79.051247 32.592205 -727.525940
79.463371 57.889393 -727.525940
76.348335 85.218811 -727.525940
54.082886 83.887573 -660.282898
42.223698 89.997589 -650.591187
25.914755 87.562515 -641.779053
16.186939 81.226524 -639.501038
29.565634 81.588409 -642.276917
40.722206 83.336006 -646.400269
-56.171944 78.311935 -656.068542
-47.051567 82.375359 -649.066895
-29.628040 83.831818 -641.361816
-15.103002 78.770332 -639.329651
-29.620163 76.578766 -641.260254
-45.633873 77.148750 -646.161743
-49.528900 54.342655 -649.773865
-34.408699 62.037609 -640.679382
-18.851191 54.013100 -645.514832
-33.421295 49.138008 -645.458374
48.515182 59.558804 -652.432190
31.926003 64.536232 -640.960815
18.821747 55.287285 -645.811584
33.418999 51.660103 -645.921936
-10.312870 53.789387 -642.712952
-12.586993 33.993141 -634.397217
-18.589422 14.924488 -636.161926
-13.716480 7.693650 -631.805908
2.905575 7.673723 -628.897888
17.328426 7.764820 -635.817566
20.988060 17.395594 -637.888855
12.519545 34.084965 -635.755005
10.288932 55.188961 -644.762634
-7.716424 12.327172 -625.043518
9.932374 13.518283 -625.145935
-19.784960 -17.423502 -636.903748
-14.885977 -10.137918 -631.467163
-6.541409 -6.521878 -627.398193
1.714765 -7.677978 -625.872559
11.200616 -6.523942 -628.736511
19.616167 -8.941385 -632.428650
26.969492 -14.997417 -636.884277
21.021132 -22.234545 -638.015503
13.691989 -25.637623 -633.096252
4.123300 -26.696737 -629.855774
-6.557014 -25.589375 -631.575073
-13.769224 -22.177025 -635.807983
-7.736589 -17.214903 -629.677795
4.101791 -17.164623 -628.212280
16.081688 -17.307236 -633.494263
14.826911 -14.866895 -631.267822
2.907745 -15.952851 -627.005981
-8.918283 -16.015032 -629.139832
2.814437 21.551521 -619.269287
-41.758659 59.799366 -642.626953
-42.053764 49.288082 -647.532837
-26.148432 50.390022 -645.839172
-26.011021 59.748474 -641.888306
24.722315 62.193146 -641.734802
24.927061 52.909702 -646.400696
40.868191 54.293118 -648.261719
40.586212 63.648926 -644.142517
-34.431969 54.866600 -645.351440
33.549931 57.776852 -646.286865
86.459633 65.528381 -737.636353
-87.181526 55.469879 -736.794006
