77
-72.031960 90.974388 -717.409668
-76.018715 64.337395 -717.409668
-74.791435 39.114174 -717.409668
-68.407852 12.374069 -717.409668
-59.261749 -13.256634 -717.409668
-44.398933 -37.718052 -717.409668
-24.617014 -53.366741 -717.409668
-0.140771 -61.257359 -717.409668
24.992336 -52.482430 -717.409668
46.633202 -37.304527 -717.409668
62.442501 -17.447334 -717.409668
72.059013 5.878848 -717.409668
81.646454 32.206139 -717.409668
84.535629 61.091999 -717.409668
84.026184 87.008072 -717.409668
57.918945 79.171486 -641.314575
46.365028 85.076645 -632.275330
29.390596 83.992531 -625.383301
17.667690 75.656715 -625.365417
30.774374 76.151466 -628.551208
46.390594 77.876633 -631.922302
-54.318176 81.742393 -638.992065
-40.497078 87.729836 -629.839722
-22.430859 85.780441 -623.767761
-9.428848 77.622459 -623.733398
-24.840689 77.899361 -626.622070
-40.385300 80.490074 -629.043335
-44.444618 58.834106 -638.342957
-29.703102 63.040070 -631.696411
-15.423551 57.387951 -633.842102
-29.719219 53.676888 -633.535461
50.796715 58.545189 -641.043701
37.010822 62.380211 -632.442139
22.810509 56.466316 -633.952637
37.198124 53.040649 -634.629822
-5.820616 57.093098 -630.151489
-9.115972 36.456783 -623.793091
-16.112911 18.872444 -626.505554
-10.198269 10.715956 -629.181274
2.834633 10.735251 -626.077637
15.946900 10.989112 -632.563538
20.676268 18.193607 -633.123596
14.473198 35.690075 -627.605835
12.010948 57.324814 -631.261108
-5.465133 15.414818 -626.779663
10.968714 15.335650 -620.479004
-20.912783 -11.956090 -635.245422
-13.618343 -7.089739 -629.059448
-5.311941 -3.479819 -625.826904
1.770284 -4.604998 -625.708191
11.238198 -4.532976 -628.734741
18.487522 -6.866455 -633.675476
24.713827 -11.667479 -640.074646
18.741777 -17.742142 -640.245300
11.466947 -21.293839 -635.797546
1.908500 -23.636282 -631.731567
-10.004163 -21.348036 -631.639893
-17.284328 -17.913046 -635.419373
-11.243253 -11.830164 -630.561707
1.828731 -12.895270 -628.860229
12.561973 -12.871685 -633.377991
12.534516 -11.667078 -632.212891
1.811926 -10.507976 -626.942749
-8.845115 -10.606389 -628.849304
3.872633 23.138212 -613.144897
-38.166348 62.016319 -633.841797
-38.234154 56.208427 -635.644592
-22.584663 54.975899 -634.120911
-21.386311 61.998741 -632.593811
28.704481 61.188934 -632.994873
29.991003 55.337490 -634.137878
45.848633 55.903515 -639.002380
44.373680 61.564217 -635.584595
-29.822624 58.234753 -634.354187
36.954048 57.608089 -635.517090
88.362465 70.453125 -726.361267
-90.633446 75.784790 -724.347717
